No	TMNo	EnNo	Name	GMNo	Mode	DateTime
30075	1	30		1	30	2014-03-28 12:01:35
30076	1	20		1	30	2014-03-28 12:01:45
30077	1	19		1	30	2014-03-28 12:01:46
30078	1	33		1	30	2014-03-28 12:01:58
30079	1	49		1	30	2014-03-28 12:02:04
30080	1	9		1	30	2014-03-28 12:02:07
30081	1	41		1	30	2014-03-28 12:02:09
30082	1	61		1	30	2014-03-28 12:02:13
30083	1	10		1	30	2014-03-28 12:02:21
30084	1	38		1	30	2014-03-28 12:02:35
30085	1	23		1	30	2014-03-28 12:02:43
30086	1	58		1	30	2014-03-28 12:02:51
30087	1	12		1	30	2014-03-28 12:03:01
30088	1	5		1	30	2014-03-28 12:03:07
30089	1	63		1	30	2014-03-28 12:03:33
30090	1	57		1	30	2014-03-28 12:04:02
30091	1	7		1	30	2014-03-28 12:04:06
30092	1	4		1	30	2014-03-28 12:04:08
30093	1	54		1	30	2014-03-28 12:04:13
30094	1	48		1	30	2014-03-28 12:04:16
30095	1	53		1	30	2014-03-28 12:04:21
30096	1	69		1	30	2014-03-28 12:04:33
30097	1	30		1	30	2014-03-28 12:04:43
30098	1	35		1	30	2014-03-28 12:04:50
30099	1	45		1	30	2014-03-28 12:05:07
30100	1	70		1	30	2014-03-28 12:05:12
30101	1	18		1	30	2014-03-28 12:05:13
30102	1	3		1	30	2014-03-28 12:05:43
30103	1	52		1	30	2014-03-28 12:05:48
30104	1	67		1	30	2014-03-28 12:06:05
30105	1	24		1	30	2014-03-28 12:08:39
30106	1	60		1	30	2014-03-28 12:08:50
30107	1	14		1	30	2014-03-28 12:10:39
30108	1	8		1	30	2014-03-28 12:10:42
30109	1	17		1	30	2014-03-28 12:10:54
30110	1	71		1	30	2014-03-28 12:12:17
30111	1	2		1	30	2014-03-28 12:13:56
30112	1	55		1	30	2014-03-28 12:16:22
30113	1	65		1	30	2014-03-28 12:27:14
30114	1	59		1	30	2014-03-28 12:27:22
30115	1	6		1	30	2014-03-28 12:27:24
30116	1	61		1	30	2014-03-28 12:27:27
30117	1	68		1	30	2014-03-28 12:27:30
30118	1	64		1	30	2014-03-28 12:30:38
30119	1	62		1	30	2014-03-28 12:30:55
30120	1	70		1	30	2014-03-28 12:57:14
30121	1	33		1	30	2014-03-28 12:58:40
30122	1	23		1	30	2014-03-28 12:58:48
30123	1	9		1	30	2014-03-28 13:01:56
30124	1	7		1	30	2014-03-28 13:02:02
30125	1	69		1	30	2014-03-28 13:02:19
30126	1	61		1	30	2014-03-28 13:03:03
30127	1	30		1	30	2014-03-28 13:04:23
30128	1	57		1	30	2014-03-28 13:04:42
30129	1	20		1	30	2014-03-28 13:04:43
30130	1	8		1	30	2014-03-28 13:04:47
30131	1	45		1	30	2014-03-28 13:04:49
30132	1	33		1	30	2014-03-28 13:05:20
30133	1	21		1	30	2014-03-28 13:06:00
30134	1	53		1	30	2014-03-28 13:07:16
30135	1	60		1	30	2014-03-28 13:08:11
30136	1	67		1	30	2014-03-28 13:08:21
30137	1	24		1	30	2014-03-28 13:09:18
30138	1	37		1	30	2014-03-28 13:09:42
30139	1	65		1	30	2014-03-28 13:09:45
30140	1	59		1	30	2014-03-28 13:09:49
30141	1	41		1	30	2014-03-28 13:09:54
30142	1	5		1	30	2014-03-28 13:10:02
30143	1	73		1	30	2014-03-28 13:10:17
30144	1	58		1	30	2014-03-28 13:15:22
30145	1	14		1	30	2014-03-28 13:15:32
30146	1	38		1	30	2014-03-28 13:17:08
30147	1	19		1	30	2014-03-28 13:17:11
30148	1	62		1	30	2014-03-28 13:17:26
30149	1	3		1	30	2014-03-28 13:17:38
30150	1	10		1	30	2014-03-28 13:18:46
30151	1	35		1	30	2014-03-28 13:19:22
30152	1	49		1	30	2014-03-28 13:20:20
30153	1	17		1	30	2014-03-28 13:21:33
30154	1	48		1	30	2014-03-28 13:21:49
30155	1	64		1	30	2014-03-28 13:23:31
30156	1	55		1	30	2014-03-28 13:24:19
30157	1	54		1	30	2014-03-28 13:25:12
30158	1	43		1	30	2014-03-28 13:25:56
30159	1	48		1	30	2014-03-28 13:26:19
30160	1	52		1	30	2014-03-28 13:26:21
30161	1	18		1	30	2014-03-28 13:26:28
30162	1	4		1	30	2014-03-28 13:26:31
30163	1	68		1	30	2014-03-28 13:26:36
30164	1	12		1	30	2014-03-28 13:28:16
30165	1	63		1	30	2014-03-28 13:28:22
30166	1	2		1	30	2014-03-28 13:29:17
30167	1	6		1	30	2014-03-28 13:31:02
30168	1	59		1	30	2014-03-28 16:26:50
30169	1	17		1	30	2014-03-28 16:35:28
30170	1	48		1	30	2014-03-28 17:03:29
30171	1	69		1	30	2014-03-28 17:04:17
30172	1	41		1	30	2014-03-28 17:15:58
30173	1	68		1	30	2014-03-28 17:18:01
30174	1	65		1	30	2014-03-28 17:33:52
30175	1	33		1	30	2014-03-28 17:33:57
30176	1	30		1	30	2014-03-28 17:34:05
30177	1	53		1	30	2014-03-28 17:34:16
30178	1	2		1	30	2014-03-28 17:34:21
30179	1	12		1	30	2014-03-28 17:34:23
30180	1	21		1	30	2014-03-28 17:34:25
30181	1	19		1	30	2014-03-28 17:34:27
30182	1	43		1	30	2014-03-28 17:34:30
30183	1	70		1	30	2014-03-28 17:34:39
30184	1	60		1	30	2014-03-28 17:34:44
30185	1	37		1	30	2014-03-28 17:34:48
30186	1	58		1	30	2014-03-28 17:34:57
30187	1	6		1	30	2014-03-28 17:37:10
30188	1	3		1	30	2014-03-28 17:37:13
30189	1	10		1	30	2014-03-28 17:37:18
30190	1	7		1	30	2014-03-28 17:37:21
30191	1	35		1	30	2014-03-28 17:37:25
30192	1	61		1	30	2014-03-28 17:37:28
30193	1	8		1	30	2014-03-28 17:37:30
30194	1	63		1	30	2014-03-28 17:37:36
30195	1	20		1	30	2014-03-28 17:37:40
30196	1	45		1	30	2014-03-28 17:37:44
30197	1	5		1	30	2014-03-28 17:37:47
30198	1	73		1	30	2014-03-28 17:37:50
30199	1	9		1	30	2014-03-28 17:37:57
30200	1	14		1	30	2014-03-28 17:38:21
30201	1	67		1	30	2014-03-28 17:40:17
30202	1	18		1	30	2014-03-28 17:40:56
30203	1	49		1	30	2014-03-28 17:43:08
30204	1	8		1	30	2014-03-28 17:43:53
30205	1	64		1	30	2014-03-28 17:48:33
30206	1	52		1	30	2014-03-28 17:48:42
30207	1	38		1	30	2014-03-28 17:55:18
30208	1	62		1	30	2014-03-28 17:58:41
30209	1	55		1	30	2014-03-28 18:05:51
30210	1	24		1	30	2014-03-28 18:06:34
30211	1	9		1	30	2014-03-28 18:09:29
30212	1	54		1	30	2014-03-28 18:22:20
30213	1	57		1	30	2014-03-28 18:39:38
30214	1	23		1	30	2014-03-28 18:47:27
30215	1	10		1	30	2014-03-29 07:22:13
30216	1	2		1	30	2014-03-29 07:22:16
30217	1	23		1	30	2014-03-29 07:29:55
30218	1	4		1	30	2014-03-29 07:32:55
30219	1	59		1	30	2014-03-29 07:33:55
30220	1	60		1	30	2014-03-29 07:37:37
30221	1	14		1	30	2014-03-29 07:39:51
30222	1	7		1	30	2014-03-29 07:41:11
30223	1	18		1	30	2014-03-29 07:41:14
30224	1	37		1	30	2014-03-29 07:41:16
30225	1	9		1	30	2014-03-29 07:41:17
30226	1	20		1	30	2014-03-29 07:41:21
30227	1	30		1	30	2014-03-29 07:41:23
30228	1	35		1	30	2014-03-29 07:41:25
30229	1	67		1	30	2014-03-29 07:42:25
30230	1	49		1	30	2014-03-29 07:42:29
30231	1	52		1	30	2014-03-29 07:42:47
30232	1	23		1	30	2014-03-29 07:43:32
30233	1	43		1	30	2014-03-29 07:44:17
30234	1	5		1	30	2014-03-29 07:44:22
30235	1	55		1	30	2014-03-29 07:47:09
30236	1	58		1	30	2014-03-29 07:47:21
30237	1	64		1	30	2014-03-29 07:48:27
30238	1	19		1	30	2014-03-29 07:48:31
30239	1	24		1	30	2014-03-29 07:48:33
30240	1	21		1	30	2014-03-29 07:51:11
30241	1	6		1	30	2014-03-29 07:51:22
30242	1	8		1	30	2014-03-29 07:51:26
30243	1	61		1	30	2014-03-29 07:51:32
30244	1	48		1	30	2014-03-29 07:51:34
30245	1	38		1	30	2014-03-29 07:51:37
30246	1	45		1	30	2014-03-29 07:51:39
30247	1	68		1	30	2014-03-29 07:52:01
30248	1	53		1	30	2014-03-29 07:52:26
30249	1	41		1	30	2014-03-29 07:53:29
30250	1	12		1	30	2014-03-29 07:54:13
30251	1	54		1	30	2014-03-29 07:54:16
30252	1	70		1	30	2014-03-29 07:56:53
30253	1	65		1	30	2014-03-29 07:56:56
30254	1	3		1	30	2014-03-29 07:57:49
30255	1	57		1	30	2014-03-29 07:58:44
30256	1	12		1	30	2014-03-29 08:00:02
30257	1	72		1	30	2014-03-29 08:08:36
30258	1	69		1	30	2014-03-29 08:13:21
30259	1	33		1	30	2014-03-29 08:15:44
30260	1	63		1	30	2014-03-29 08:55:14
30261	1	33		1	30	2014-03-29 09:33:38
30262	1	14		1	30	2014-03-29 09:46:37
30263	1	55		1	30	2014-03-29 09:54:12
30264	1	57		1	30	2014-03-29 10:05:05
30265	1	12		1	30	2014-03-29 12:00:53
30266	1	49		1	30	2014-03-29 12:01:35
30267	1	4		1	30	2014-03-29 12:01:59
30268	1	48		1	30	2014-03-29 12:02:01
30269	1	54		1	30	2014-03-29 12:02:03
30270	1	43		1	30	2014-03-29 12:02:05
30271	1	18		1	30	2014-03-29 12:02:08
30272	1	38		1	30	2014-03-29 12:02:11
30273	1	8		1	30	2014-03-29 12:02:14
30274	1	59		1	30	2014-03-29 12:02:16
30275	1	19		1	30	2014-03-29 12:02:17
30276	1	45		1	30	2014-03-29 12:02:20
30277	1	61		1	30	2014-03-29 12:02:22
30278	1	10		1	30	2014-03-29 12:02:26
30279	1	20		1	30	2014-03-29 12:02:28
30280	1	67		1	30	2014-03-29 12:02:37
30281	1	63		1	30	2014-03-29 12:02:39
30282	1	30		1	30	2014-03-29 12:02:45
30283	1	9		1	30	2014-03-29 12:02:47
30284	1	7		1	30	2014-03-29 12:02:49
30285	1	5		1	30	2014-03-29 12:02:54
30286	1	53		1	30	2014-03-29 12:03:04
30287	1	2		1	30	2014-03-29 12:03:07
30288	1	3		1	30	2014-03-29 12:03:09
30289	1	24		1	30	2014-03-29 12:03:27
30290	1	41		1	30	2014-03-29 12:06:47
30291	1	21		1	30	2014-03-29 12:07:34
30292	1	7		1	30	2014-03-29 12:09:02
30293	1	9		1	30	2014-03-29 12:09:12
30294	1	60		1	30	2014-03-29 12:11:57
30295	1	23		1	30	2014-03-29 12:12:56
30296	1	6		1	30	2014-03-29 12:20:29
30297	1	30		1	30	2014-03-29 12:20:44
30298	1	52		1	30	2014-03-29 12:21:05
30299	1	49		1	30	2014-03-29 12:21:12
30300	1	37		1	30	2014-03-29 12:21:19
30301	1	55		1	30	2014-03-29 12:22:21
30302	1	30		1	30	2014-03-29 12:25:48
30303	1	12		1	30	2014-03-29 12:27:30
30304	1	59		1	30	2014-03-29 12:29:28
30305	1	38		1	30	2014-03-29 12:33:38
30306	1	8		1	30	2014-03-29 12:33:41
30307	1	54		1	30	2014-03-29 12:34:03
30308	1	68		1	30	2014-03-29 12:51:58
30309	1	64		1	30	2014-03-29 12:56:13
30310	1	10		1	30	2014-03-29 13:18:39
30311	1	12		1	30	2014-03-29 15:09:40
30312	1	2		1	30	2014-03-31 07:03:44
30313	1	54		1	30	2014-03-31 07:22:48
30314	1	10		1	30	2014-03-31 07:29:37
30315	1	9		1	30	2014-03-31 07:29:40
30316	1	35		1	30	2014-03-31 07:29:41
30317	1	21		1	30	2014-03-31 07:29:45
30318	1	12		1	30	2014-03-31 07:30:37
30319	1	7		1	30	2014-03-31 07:32:10
30320	1	18		1	30	2014-03-31 07:32:14
30321	1	30		1	30	2014-03-31 07:32:15
30322	1	54		1	30	2014-03-31 07:32:45
30323	1	20		1	30	2014-03-31 07:33:37
30324	1	38		1	30	2014-03-31 07:33:39
30325	1	53		1	30	2014-03-31 07:33:44
30326	1	3		1	30	2014-03-31 07:33:46
30327	1	60		1	30	2014-03-31 07:34:10
30328	1	24		1	30	2014-03-31 07:37:30
30329	1	49		1	30	2014-03-31 07:38:46
30330	1	52		1	30	2014-03-31 07:39:01
30331	1	73		1	30	2014-03-31 07:39:05
30332	1	45		1	30	2014-03-31 07:39:53
30333	1	43		1	30	2014-03-31 07:41:24
30334	1	67		1	30	2014-03-31 07:42:33
30335	1	2		1	30	2014-03-31 07:44:19
30336	1	5		1	30	2014-03-31 07:44:59
30337	1	14		1	30	2014-03-31 07:46:31
30338	1	58		1	30	2014-03-31 07:47:29
30339	1	37		1	30	2014-03-31 07:48:25
30340	1	8		1	30	2014-03-31 07:48:29
30341	1	4		1	30	2014-03-31 07:49:59
30342	1	19		1	30	2014-03-31 07:50:58
30343	1	23		1	30	2014-03-31 07:52:34
30344	1	33		1	30	2014-03-31 07:53:32
30345	1	57		1	30	2014-03-31 07:53:34
30346	1	55		1	30	2014-03-31 07:53:39
30347	1	64		1	30	2014-03-31 07:53:57
30348	1	61		1	30	2014-03-31 07:54:45
30349	1	70		1	30	2014-03-31 07:54:48
30350	1	65		1	30	2014-03-31 07:54:51
30351	1	72		1	30	2014-03-31 07:54:53
30352	1	63		1	30	2014-03-31 07:55:52
30353	1	48		1	30	2014-03-31 07:59:28
30354	1	6		1	30	2014-03-31 08:00:38
30355	1	41		1	30	2014-03-31 08:04:42
30356	1	69		1	30	2014-03-31 08:23:10
30357	1	20		1	30	2014-03-31 08:46:35
30358	1	17		1	30	2014-03-31 08:50:59
30359	1	68		1	30	2014-03-31 09:07:38
30360	1	71		1	30	2014-03-31 09:22:00
30361	1	68		1	30	2014-03-31 10:22:33
30362	1	59		1	30	2014-03-31 11:03:06
30363	1	17		1	30	2014-03-31 12:00:56
30364	1	71		1	30	2014-03-31 12:01:08
30365	1	21		1	30	2014-03-31 12:01:44
30366	1	9		1	30	2014-03-31 12:02:04
30367	1	55		1	30	2014-03-31 12:02:07
30368	1	38		1	30	2014-03-31 12:02:12
30369	1	61		1	30	2014-03-31 12:02:35
30370	1	5		1	30	2014-03-31 12:02:42
30371	1	35		1	30	2014-03-31 12:02:59
30372	1	49		1	30	2014-03-31 12:03:16
30373	1	52		1	30	2014-03-31 12:03:18
30374	1	24		1	30	2014-03-31 12:03:34
30375	1	45		1	30	2014-03-31 12:03:40
30376	1	37		1	30	2014-03-31 12:03:52
30377	1	63		1	30	2014-03-31 12:03:56
30378	1	23		1	30	2014-03-31 12:04:00
30379	1	7		1	30	2014-03-31 12:04:26
30380	1	72		1	30	2014-03-31 12:04:29
30381	1	30		1	30	2014-03-31 12:04:33
30382	1	18		1	30	2014-03-31 12:04:38
30383	1	67		1	30	2014-03-31 12:05:32
30384	1	57		1	30	2014-03-31 12:05:44
30385	1	53		1	30	2014-03-31 12:05:46
30386	1	73		1	30	2014-03-31 12:05:54
30387	1	43		1	30	2014-03-31 12:05:58
30388	1	14		1	30	2014-03-31 12:06:37
30389	1	65		1	30	2014-03-31 12:07:27
30390	1	41		1	30	2014-03-31 12:07:32
30391	1	19		1	30	2014-03-31 12:07:46
30392	1	64		1	30	2014-03-31 12:08:37
30393	1	70		1	30	2014-03-31 12:08:53
30394	1	3		1	30	2014-03-31 12:09:04
30395	1	6		1	30	2014-03-31 12:09:32
30396	1	8		1	30	2014-03-31 12:10:01
30397	1	58		1	30	2014-03-31 12:10:05
30398	1	48		1	30	2014-03-31 12:11:26
30399	1	10		1	30	2014-03-31 12:11:35
30400	1	2		1	30	2014-03-31 12:11:52
30401	1	33		1	30	2014-03-31 12:12:48
30402	1	60		1	30	2014-03-31 12:19:31
30403	1	69		1	30	2014-03-31 12:33:20
30404	1	12		1	30	2014-03-31 12:33:24
30405	1	54		1	30	2014-03-31 12:42:45
30406	1	71		1	30	2014-03-31 13:02:31
30407	1	8		1	30	2014-03-31 13:03:58
30408	1	24		1	30	2014-03-31 13:04:08
30409	1	59		1	30	2014-03-31 13:04:11
30410	1	53		1	30	2014-03-31 13:04:15
30411	1	4		1	30	2014-03-31 13:04:18
30412	1	48		1	30	2014-03-31 13:04:37
30413	1	52		1	30	2014-03-31 13:05:02
30414	1	21		1	30	2014-03-31 13:05:12
30415	1	73		1	30	2014-03-31 13:06:01
30416	1	61		1	30	2014-03-31 13:06:24
30417	1	65		1	30	2014-03-31 13:08:23
30418	1	69		1	30	2014-03-31 13:08:34
30419	1	70		1	30	2014-03-31 13:08:37
30420	1	60		1	30	2014-03-31 13:08:49
30421	1	45		1	30	2014-03-31 13:08:54
30422	1	5		1	30	2014-03-31 13:09:58
30423	1	67		1	30	2014-03-31 13:10:22
30424	1	14		1	30	2014-03-31 13:11:52
30425	1	38		1	30	2014-03-31 13:14:06
30426	1	18		1	30	2014-03-31 13:14:25
30427	1	37		1	30	2014-03-31 13:14:50
30428	1	35		1	30	2014-03-31 13:15:32
30429	1	7		1	30	2014-03-31 13:15:41
30430	1	57		1	30	2014-03-31 13:16:49
30431	1	58		1	30	2014-03-31 13:17:02
30432	1	64		1	30	2014-03-31 13:17:30
30433	1	3		1	30	2014-03-31 13:18:14
30434	1	9		1	30	2014-03-31 13:18:43
30435	1	43		1	30	2014-03-31 13:19:09
30436	1	17		1	30	2014-03-31 13:19:13
30437	1	33		1	30	2014-03-31 13:19:38
30438	1	49		1	30	2014-03-31 13:20:09
30439	1	72		1	30	2014-03-31 13:21:03
30440	1	30		1	30	2014-03-31 13:21:41
30441	1	12		1	30	2014-03-31 13:23:37
30442	1	55		1	30	2014-03-31 13:25:17
30443	1	41		1	30	2014-03-31 13:26:13
30444	1	54		1	30	2014-03-31 13:27:10
30445	1	19		1	30	2014-03-31 13:27:18
30446	1	10		1	30	2014-03-31 13:27:42
30447	1	63		1	30	2014-03-31 13:27:53
30448	1	20		1	30	2014-03-31 13:28:39
30449	1	6		1	30	2014-03-31 13:29:22
30450	1	64		1	30	2014-03-31 13:40:34
30451	1	17		1	30	2014-03-31 16:34:40
30452	1	48		1	30	2014-03-31 17:01:00
30453	1	69		1	30	2014-03-31 17:12:56
30454	1	41		1	30	2014-03-31 17:31:09
30455	1	5		1	30	2014-03-31 17:31:21
30456	1	59		1	30	2014-03-31 17:32:33
30457	1	21		1	30	2014-03-31 17:32:45
30458	1	12		1	30	2014-03-31 17:33:10
30459	1	24		1	30	2014-03-31 17:33:13
30460	1	58		1	30	2014-03-31 17:33:31
30461	1	55		1	30	2014-03-31 17:33:41
30462	1	9		1	30	2014-03-31 17:33:48
30463	1	73		1	30	2014-03-31 17:34:00
30464	1	7		1	30	2014-03-31 17:34:06
30465	1	3		1	30	2014-03-31 17:34:31
30466	1	14		1	30	2014-03-31 17:34:50
30467	1	20		1	30	2014-03-31 17:34:55
30468	1	67		1	30	2014-03-31 17:35:18
30469	1	38		1	30	2014-03-31 17:35:25
30470	1	37		1	30	2014-03-31 17:35:35
30471	1	57		1	30	2014-03-31 17:35:48
30472	1	2		1	30	2014-03-31 17:36:15
30473	1	8		1	30	2014-03-31 17:36:22
30474	1	60		1	30	2014-03-31 17:36:29
30475	1	4		1	30	2014-03-31 17:36:31
30476	1	64		1	30	2014-03-31 17:36:38
30477	1	70		1	30	2014-03-31 17:36:49
30478	1	53		1	30	2014-03-31 17:36:52
30479	1	72		1	30	2014-03-31 17:36:55
30480	1	43		1	30	2014-03-31 17:38:59
30481	1	63		1	30	2014-03-31 17:39:07
30482	1	10		1	30	2014-03-31 17:39:12
30483	1	35		1	30	2014-03-31 17:39:14
30484	1	45		1	30	2014-03-31 17:39:17
30485	1	6		1	30	2014-03-31 17:39:26
30486	1	52		1	30	2014-03-31 17:41:30
30487	1	49		1	30	2014-03-31 17:44:16
30488	1	54		1	30	2014-03-31 17:46:05
30489	1	71		1	30	2014-03-31 17:46:59
30490	1	30		1	30	2014-03-31 17:51:02
30491	1	65		1	30	2014-03-31 17:51:44
30492	1	18		1	30	2014-03-31 17:55:16
30493	1	61		1	30	2014-03-31 17:55:56
30494	1	38		1	30	2014-03-31 17:58:35
30495	1	19		1	30	2014-03-31 17:59:11
30496	1	59		1	30	2014-03-31 19:01:46
30497	1	33		1	30	2014-03-31 21:31:03
30498	1	61		1	30	2014-04-01 07:31:17
30499	1	3		1	30	2014-04-01 07:35:55
30500	1	30		1	30	2014-04-01 07:35:58
30501	1	10		1	30	2014-04-01 07:36:00
30502	1	24		1	30	2014-04-01 07:36:02
30503	1	35		1	30	2014-04-01 07:36:04
30504	1	14		1	30	2014-04-01 07:36:10
30505	1	45		1	30	2014-04-01 07:36:16
30506	1	5		1	30	2014-04-01 07:37:21
30507	1	7		1	30	2014-04-01 07:37:24
30508	1	38		1	30	2014-04-01 07:37:26
30509	1	2		1	30	2014-04-01 07:37:29
30510	1	60		1	30	2014-04-01 07:37:33
30511	1	71		1	30	2014-04-01 07:37:38
30512	1	37		1	30	2014-04-01 07:38:32
30513	1	21		1	30	2014-04-01 07:38:34
30514	1	20		1	30	2014-04-01 07:38:37
30515	1	19		1	30	2014-04-01 07:38:40
30516	1	53		1	30	2014-04-01 07:38:46
30517	1	52		1	30	2014-04-01 07:40:10
30518	1	33		1	30	2014-04-01 07:40:12
30519	1	58		1	30	2014-04-01 07:40:53
30520	1	23		1	30	2014-04-01 07:41:11
30521	1	70		1	30	2014-04-01 07:41:13
30522	1	4		1	30	2014-04-01 07:43:24
30523	1	73		1	30	2014-04-01 07:43:28
30524	1	9		1	30	2014-04-01 07:44:52
30525	1	49		1	30	2014-04-01 07:47:09
30526	1	18		1	30	2014-04-01 07:47:46
30527	1	48		1	30	2014-04-01 07:50:06
30528	1	65		1	30	2014-04-01 07:50:09
30529	1	59		1	30	2014-04-01 07:50:13
30530	1	43		1	30	2014-04-01 07:51:08
30531	1	54		1	30	2014-04-01 07:51:31
30532	1	6		1	30	2014-04-01 07:53:41
30533	1	64		1	30	2014-04-01 07:54:48
30534	1	63		1	30	2014-04-01 07:54:56
30535	1	55		1	30	2014-04-01 07:55:42
30536	1	57		1	30	2014-04-01 08:00:00
30537	1	12		1	30	2014-04-01 08:00:52
30538	1	72		1	30	2014-04-01 08:00:54
30539	1	67		1	30	2014-04-01 08:13:58
30540	1	69		1	30	2014-04-01 08:19:36
30541	1	41		1	30	2014-04-01 08:20:53
30542	1	20		1	30	2014-04-01 08:42:21
30543	1	17		1	30	2014-04-01 08:51:32
30544	1	68		1	30	2014-04-01 09:23:15
30545	1	57		1	30	2014-04-01 12:00:40
30546	1	38		1	30	2014-04-01 12:00:43
30547	1	52		1	30	2014-04-01 12:00:50
30548	1	37		1	30	2014-04-01 12:01:17
30549	1	23		1	30	2014-04-01 12:01:21
30550	1	43		1	30	2014-04-01 12:01:27
30551	1	45		1	30	2014-04-01 12:01:30
30552	1	6		1	30	2014-04-01 12:01:45
30553	1	67		1	30	2014-04-01 12:01:48
30554	1	61		1	30	2014-04-01 12:01:55
30555	1	48		1	30	2014-04-01 12:02:00
30556	1	63		1	30	2014-04-01 12:02:13
30557	1	17		1	30	2014-04-01 12:03:25
30558	1	71		1	30	2014-04-01 12:04:24
30559	1	30		1	30	2014-04-01 12:04:39
30560	1	72		1	30	2014-04-01 12:04:50
30561	1	53		1	30	2014-04-01 12:05:02
30562	1	69		1	30	2014-04-01 12:05:52
30563	1	2		1	30	2014-04-01 12:05:55
30564	1	10		1	30	2014-04-01 12:06:21
30565	1	58		1	30	2014-04-01 12:08:50
30566	1	60		1	30	2014-04-01 12:10:05
30567	1	64		1	30	2014-04-01 12:12:41
30568	1	21		1	30	2014-04-01 12:13:37
30569	1	19		1	30	2014-04-01 12:13:40
30570	1	18		1	30	2014-04-01 12:13:43
30571	1	55		1	30	2014-04-01 12:13:45
30572	1	24		1	30	2014-04-01 12:13:49
30573	1	49		1	30	2014-04-01 12:14:09
30574	1	9		1	30	2014-04-01 12:14:26
30575	1	33		1	30	2014-04-01 12:14:28
30576	1	14		1	30	2014-04-01 12:14:31
30577	1	59		1	30	2014-04-01 12:15:31
30578	1	68		1	30	2014-04-01 12:15:45
30579	1	70		1	30	2014-04-01 12:15:52
30580	1	54		1	30	2014-04-01 12:15:57
30581	1	4		1	30	2014-04-01 12:16:00
30582	1	12		1	30	2014-04-01 12:16:30
30583	1	35		1	30	2014-04-01 12:16:38
30584	1	7		1	30	2014-04-01 12:16:45
30585	1	41		1	30	2014-04-01 12:18:37
30586	1	3		1	30	2014-04-01 12:20:26
30587	1	73		1	30	2014-04-01 12:26:06
30588	1	65		1	30	2014-04-01 12:35:24
30589	1	61		1	30	2014-04-01 13:00:58
30590	1	14		1	30	2014-04-01 13:01:08
30591	1	18		1	30	2014-04-01 13:02:47
30592	1	9		1	30	2014-04-01 13:03:01
30593	1	5		1	30	2014-04-01 13:03:25
30594	1	67		1	30	2014-04-01 13:04:19
30595	1	17		1	30	2014-04-01 13:04:27
30596	1	69		1	30	2014-04-01 13:04:34
30597	1	52		1	30	2014-04-01 13:04:56
30598	1	12		1	30	2014-04-01 13:05:15
30599	1	70		1	30	2014-04-01 13:06:33
30600	1	3		1	30	2014-04-01 13:07:53
30601	1	45		1	30	2014-04-01 13:08:06
30602	1	21		1	30	2014-04-01 13:10:04
30603	1	7		1	30	2014-04-01 13:12:27
30604	1	58		1	30	2014-04-01 13:12:38
30605	1	60		1	30	2014-04-01 13:12:52
30606	1	53		1	30	2014-04-01 13:13:07
30607	1	59		1	30	2014-04-01 13:13:15
30608	1	49		1	30	2014-04-01 13:13:25
30609	1	48		1	30	2014-04-01 13:14:28
30610	1	20		1	30	2014-04-01 13:14:32
30611	1	71		1	30	2014-04-01 13:14:37
30612	1	68		1	30	2014-04-01 13:14:44
30613	1	33		1	30	2014-04-01 13:14:58
30614	1	4		1	30	2014-04-01 13:16:15
30615	1	65		1	30	2014-04-01 13:16:50
30616	1	24		1	30	2014-04-01 13:18:26
30617	1	54		1	30	2014-04-01 13:18:57
30618	1	41		1	30	2014-04-01 13:19:14
30619	1	10		1	30	2014-04-01 13:19:26
30620	1	73		1	30	2014-04-01 13:19:46
30621	1	38		1	30	2014-04-01 13:20:00
30622	1	35		1	30	2014-04-01 13:20:40
30623	1	57		1	30	2014-04-01 13:20:47
30624	1	64		1	30	2014-04-01 13:21:26
30625	1	6		1	30	2014-04-01 13:21:36
30626	1	30		1	30	2014-04-01 13:22:15
30627	1	43		1	30	2014-04-01 13:23:04
30628	1	55		1	30	2014-04-01 13:23:07
30629	1	72		1	30	2014-04-01 13:23:12
30630	1	23		1	30	2014-04-01 13:24:20
30631	1	19		1	30	2014-04-01 13:28:54
30632	1	63		1	30	2014-04-01 13:28:57
30633	1	8		1	30	2014-04-01 13:31:12
30634	1	17		1	30	2014-04-01 16:35:19
30635	1	48		1	30	2014-04-01 17:01:50
30636	1	71		1	30	2014-04-01 17:04:03
30637	1	69		1	30	2014-04-01 17:06:22
30638	1	41		1	30	2014-04-01 17:22:25
30639	1	68		1	30	2014-04-01 17:22:36
30640	1	65		1	30	2014-04-01 17:31:29
30641	1	3		1	30	2014-04-01 17:31:42
30642	1	70		1	30	2014-04-01 17:32:14
30643	1	64		1	30	2014-04-01 17:32:23
30644	1	60		1	30	2014-04-01 17:32:26
30645	1	72		1	30	2014-04-01 17:32:29
30646	1	14		1	30	2014-04-01 17:32:37
30647	1	63		1	30	2014-04-01 17:32:47
30648	1	37		1	30	2014-04-01 17:32:52
30649	1	53		1	30	2014-04-01 17:32:57
30650	1	24		1	30	2014-04-01 17:33:00
30651	1	43		1	30	2014-04-01 17:33:02
30652	1	49		1	30	2014-04-01 17:34:54
30653	1	20		1	30	2014-04-01 17:35:00
30654	1	5		1	30	2014-04-01 17:35:02
30655	1	30		1	30	2014-04-01 17:35:05
30656	1	67		1	30	2014-04-01 17:35:06
30657	1	10		1	30	2014-04-01 17:35:09
30658	1	12		1	30	2014-04-01 17:35:12
30659	1	35		1	30	2014-04-01 17:35:13
30660	1	8		1	30	2014-04-01 17:35:16
30661	1	45		1	30	2014-04-01 17:35:20
30662	1	9		1	30	2014-04-01 17:35:22
30663	1	18		1	30	2014-04-01 17:35:25
30664	1	73		1	30	2014-04-01 17:35:29
30665	1	23		1	30	2014-04-01 17:35:43
30666	1	21		1	30	2014-04-01 17:35:57
30667	1	55		1	30	2014-04-01 17:36:00
30668	1	19		1	30	2014-04-01 17:36:26
30669	1	6		1	30	2014-04-01 17:37:36
30670	1	7		1	30	2014-04-01 17:40:41
30671	1	5		1	30	2014-04-01 17:40:48
30672	1	52		1	30	2014-04-01 17:41:08
30673	1	54		1	30	2014-04-01 17:43:37
30674	1	55		1	30	2014-04-01 17:43:56
30675	1	57		1	30	2014-04-01 17:45:32
30676	1	38		1	30	2014-04-01 17:45:38
30677	1	8		1	30	2014-04-01 17:49:03
30678	1	59		1	30	2014-04-01 17:50:39
30679	1	33		1	30	2014-04-01 18:04:06
30680	1	4		1	30	2014-04-01 18:17:47
30681	1	60		1	30	2014-04-02 07:31:39
30682	1	20		1	30	2014-04-02 07:42:00
30683	1	61		1	30	2014-04-02 07:42:02
30684	1	10		1	30	2014-04-02 07:42:04
30685	1	14		1	30	2014-04-02 07:42:07
30686	1	59		1	30	2014-04-02 07:42:10
30687	1	53		1	30	2014-04-02 07:42:13
30688	1	45		1	30	2014-04-02 07:42:27
30689	1	3		1	30	2014-04-02 07:43:03
30690	1	9		1	30	2014-04-02 07:43:07
30691	1	2		1	30	2014-04-02 07:43:11
30692	1	35		1	30	2014-04-02 07:43:14
30693	1	58		1	30	2014-04-02 07:44:07
30694	1	43		1	30	2014-04-02 07:44:10
30695	1	54		1	30	2014-04-02 07:45:03
30696	1	18		1	30	2014-04-02 07:46:22
30697	1	70		1	30	2014-04-02 07:46:24
30698	1	5		1	30	2014-04-02 07:46:26
30699	1	37		1	30	2014-04-02 07:47:39
30700	1	8		1	30	2014-04-02 07:48:42
30701	1	64		1	30	2014-04-02 07:48:46
30702	1	55		1	30	2014-04-02 07:48:50
30703	1	24		1	30	2014-04-02 07:49:49
30704	1	23		1	30	2014-04-02 07:49:58
30705	1	30		1	30	2014-04-02 07:50:01
30706	1	65		1	30	2014-04-02 07:50:04
30707	1	38		1	30	2014-04-02 07:50:06
30708	1	7		1	30	2014-04-02 07:50:55
30709	1	52		1	30	2014-04-02 07:55:08
30710	1	21		1	30	2014-04-02 07:55:11
30711	1	49		1	30	2014-04-02 07:55:16
30712	1	63		1	30	2014-04-02 07:56:15
30713	1	57		1	30	2014-04-02 07:57:09
30714	1	19		1	30	2014-04-02 07:58:26
30715	1	6		1	30	2014-04-02 07:58:29
30716	1	48		1	30	2014-04-02 07:58:33
30717	1	72		1	30	2014-04-02 07:58:41
30718	1	4		1	30	2014-04-02 07:59:25
30719	1	12		1	30	2014-04-02 07:59:27
30720	1	33		1	30	2014-04-02 08:10:05
30721	1	67		1	30	2014-04-02 08:18:05
30722	1	69		1	30	2014-04-02 08:20:02
30723	1	41		1	30	2014-04-02 08:20:07
30724	1	73		1	30	2014-04-02 08:27:38
30725	1	17		1	30	2014-04-02 08:28:37
30726	1	20		1	30	2014-04-02 08:48:12
30727	1	71		1	30	2014-04-02 08:54:23
30728	1	68		1	30	2014-04-02 09:27:12
30729	1	38		1	30	2014-04-02 12:01:14
30730	1	18		1	30	2014-04-02 12:01:28
30731	1	57		1	30	2014-04-02 12:01:39
30732	1	5		1	30	2014-04-02 12:01:43
30733	1	23		1	30	2014-04-02 12:01:47
30734	1	61		1	30	2014-04-02 12:01:52
30735	1	3		1	30	2014-04-02 12:01:53
30736	1	67		1	30	2014-04-02 12:01:56
30737	1	9		1	30	2014-04-02 12:02:04
30738	1	71		1	30	2014-04-02 12:02:11
30739	1	10		1	30	2014-04-02 12:02:13
30740	1	54		1	30	2014-04-02 12:02:22
30741	1	35		1	30	2014-04-02 12:02:40
30742	1	69		1	30	2014-04-02 12:02:48
30743	1	43		1	30	2014-04-02 12:02:50
30744	1	72		1	30	2014-04-02 12:02:57
30745	1	63		1	30	2014-04-02 12:03:06
30746	1	45		1	30	2014-04-02 12:03:15
30747	1	19		1	30	2014-04-02 12:03:33
30748	1	58		1	30	2014-04-02 12:04:01
30749	1	12		1	30	2014-04-02 12:04:06
30750	1	21		1	30	2014-04-02 12:04:10
30751	1	7		1	30	2014-04-02 12:04:14
30752	1	68		1	30	2014-04-02 12:04:37
30753	1	70		1	30	2014-04-02 12:04:41
30754	1	37		1	30	2014-04-02 12:04:44
30755	1	30		1	30	2014-04-02 12:04:59
30756	1	49		1	30	2014-04-02 12:05:22
30757	1	60		1	30	2014-04-02 12:05:25
30758	1	41		1	30	2014-04-02 12:05:28
30759	1	64		1	30	2014-04-02 12:05:39
30760	1	55		1	30	2014-04-02 12:05:41
30761	1	53		1	30	2014-04-02 12:06:23
30762	1	33		1	30	2014-04-02 12:07:00
30763	1	24		1	30	2014-04-02 12:07:35
30764	1	8		1	30	2014-04-02 12:07:38
30765	1	14		1	30	2014-04-02 12:10:11
30766	1	48		1	30	2014-04-02 12:11:31
30767	1	73		1	30	2014-04-02 12:16:31
30768	1	52		1	30	2014-04-02 12:19:35
30769	1	4		1	30	2014-04-02 12:21:44
30770	1	65		1	30	2014-04-02 12:32:03
30771	1	57		1	30	2014-04-02 13:01:30
30772	1	21		1	30	2014-04-02 13:01:42
30773	1	5		1	30	2014-04-02 13:01:50
30774	1	61		1	30	2014-04-02 13:02:00
30775	1	49		1	30	2014-04-02 13:02:36
30776	1	33		1	30	2014-04-02 13:02:44
30777	1	20		1	30	2014-04-02 13:02:47
30778	1	69		1	30	2014-04-02 13:03:25
30779	1	67		1	30	2014-04-02 13:03:34
30780	1	18		1	30	2014-04-02 13:05:34
30781	1	17		1	30	2014-04-02 13:06:00
30782	1	7		1	30	2014-04-02 13:06:58
30783	1	45		1	30	2014-04-02 13:07:45
30784	1	19		1	30	2014-04-02 13:08:53
30785	1	59		1	30	2014-04-02 13:08:59
30786	1	48		1	30	2014-04-02 13:09:09
30787	1	30		1	30	2014-04-02 13:09:17
30788	1	35		1	30	2014-04-02 13:09:21
30789	1	9		1	30	2014-04-02 13:09:59
30790	1	37		1	30	2014-04-02 13:10:59
30791	1	58		1	30	2014-04-02 13:11:54
30792	1	53		1	30	2014-04-02 13:12:55
30793	1	38		1	30	2014-04-02 13:13:09
30794	1	6		1	30	2014-04-02 13:13:40
30795	1	4		1	30	2014-04-02 13:14:57
30796	1	8		1	30	2014-04-02 13:15:20
30797	1	73		1	30	2014-04-02 13:16:18
30798	1	41		1	30	2014-04-02 13:16:46
30799	1	71		1	30	2014-04-02 13:16:54
30800	1	14		1	30	2014-04-02 13:18:16
30801	1	23		1	30	2014-04-02 13:18:21
30802	1	54		1	30	2014-04-02 13:21:23
30803	1	43		1	30	2014-04-02 13:21:33
30804	1	6		1	30	2014-04-02 13:23:08
30805	1	64		1	30	2014-04-02 13:24:23
30806	1	24		1	30	2014-04-02 13:24:37
30807	1	65		1	30	2014-04-02 13:24:40
30808	1	10		1	30	2014-04-02 13:25:12
30809	1	72		1	30	2014-04-02 13:25:23
30810	1	52		1	30	2014-04-02 13:27:14
30811	1	55		1	30	2014-04-02 13:28:28
30812	1	63		1	30	2014-04-02 13:28:43
30813	1	12		1	30	2014-04-02 13:29:36
30814	1	70		1	30	2014-04-02 13:49:18
30815	1	68		1	30	2014-04-02 13:49:20
30816	1	59		1	30	2014-04-02 14:00:23
30817	1	60		1	30	2014-04-02 14:06:45
30818	1	3		1	30	2014-04-02 14:58:52
30819	1	59		1	30	2014-04-02 15:52:04
30820	1	17		1	30	2014-04-02 16:35:56
30821	1	48		1	30	2014-04-02 17:01:03
30822	1	71		1	30	2014-04-02 17:04:15
30823	1	69		1	30	2014-04-02 17:08:05
30824	1	41		1	30	2014-04-02 17:24:54
30825	1	12		1	30	2014-04-02 17:32:34
30826	1	19		1	30	2014-04-02 17:32:40
30827	1	73		1	30	2014-04-02 17:33:10
30828	1	33		1	30	2014-04-02 17:33:15
30829	1	6		1	30	2014-04-02 17:33:21
30830	1	23		1	30	2014-04-02 17:33:37
30831	1	5		1	30	2014-04-02 17:33:40
30832	1	37		1	30	2014-04-02 17:33:45
30833	1	52		1	30	2014-04-02 17:33:49
30834	1	21		1	30	2014-04-02 17:34:17
30835	1	49		1	30	2014-04-02 17:34:33
30836	1	14		1	30	2014-04-02 17:34:57
30837	1	63		1	30	2014-04-02 17:35:01
30838	1	9		1	30	2014-04-02 17:35:57
30839	1	2		1	30	2014-04-02 17:36:09
30840	1	72		1	30	2014-04-02 17:36:16
30841	1	60		1	30	2014-04-02 17:36:20
30842	1	64		1	30	2014-04-02 17:36:24
30843	1	55		1	30	2014-04-02 17:36:28
30844	1	65		1	30	2014-04-02 17:36:30
30845	1	43		1	30	2014-04-02 17:36:33
30846	1	53		1	30	2014-04-02 17:36:48
30847	1	24		1	30	2014-04-02 17:37:03
30848	1	70		1	30	2014-04-02 17:38:52
30849	1	68		1	30	2014-04-02 17:38:53
30850	1	61		1	30	2014-04-02 17:38:56
30851	1	38		1	30	2014-04-02 17:39:00
30852	1	18		1	30	2014-04-02 17:39:03
30853	1	20		1	30	2014-04-02 17:39:06
30854	1	10		1	30	2014-04-02 17:39:08
30855	1	35		1	30	2014-04-02 17:39:10
30856	1	8		1	30	2014-04-02 17:39:15
30857	1	30		1	30	2014-04-02 17:39:18
30858	1	45		1	30	2014-04-02 17:39:21
30859	1	3		1	30	2014-04-02 17:39:36
30860	1	67		1	30	2014-04-02 17:40:07
30861	1	58		1	30	2014-04-02 17:40:39
30862	1	54		1	30	2014-04-02 17:46:45
30863	1	59		1	30	2014-04-02 17:48:38
30864	1	55		1	30	2014-04-02 17:49:52
30865	1	8		1	30	2014-04-02 17:51:39
30866	1	57		1	30	2014-04-02 17:55:06
30867	1	30		1	30	2014-04-02 18:24:20
30868	1	4		1	30	2014-04-02 18:25:50
30869	1	23		1	30	2014-04-02 20:53:13
30870	1	61		1	30	2014-04-03 07:37:05
30871	1	14		1	30	2014-04-03 07:37:08
30872	1	10		1	30	2014-04-03 07:37:11
30873	1	3		1	30	2014-04-03 07:37:15
30874	1	35		1	30	2014-04-03 07:37:19
30875	1	30		1	30	2014-04-03 07:38:22
30876	1	38		1	30	2014-04-03 07:38:24
30877	1	21		1	30	2014-04-03 07:38:25
30878	1	60		1	30	2014-04-03 07:38:27
30879	1	9		1	30	2014-04-03 07:38:29
30880	1	7		1	30	2014-04-03 07:38:31
30881	1	54		1	30	2014-04-03 07:38:34
30882	1	5		1	30	2014-04-03 07:39:34
30883	1	70		1	30	2014-04-03 07:39:38
30884	1	65		1	30	2014-04-03 07:39:41
30885	1	33		1	30	2014-04-03 07:39:43
30886	1	53		1	30	2014-04-03 07:39:45
30887	1	59		1	30	2014-04-03 07:40:36
30888	1	19		1	30	2014-04-03 07:41:32
30889	1	43		1	30	2014-04-03 07:42:31
30890	1	24		1	30	2014-04-03 07:42:33
30891	1	23		1	30	2014-04-03 07:43:37
30892	1	20		1	30	2014-04-03 07:44:38
30893	1	52		1	30	2014-04-03 07:44:43
30894	1	49		1	30	2014-04-03 07:44:59
30895	1	73		1	30	2014-04-03 07:47:17
30896	1	18		1	30	2014-04-03 07:49:48
30897	1	4		1	30	2014-04-03 07:49:51
30898	1	55		1	30	2014-04-03 07:50:00
30899	1	64		1	30	2014-04-03 07:50:18
30900	1	63		1	30	2014-04-03 07:51:03
30901	1	6		1	30	2014-04-03 07:52:47
30902	1	37		1	30	2014-04-03 07:53:44
30903	1	57		1	30	2014-04-03 07:54:46
30904	1	45		1	30	2014-04-03 07:55:00
30905	1	58		1	30	2014-04-03 07:55:40
30906	1	8		1	30	2014-04-03 07:55:41
30907	1	72		1	30	2014-04-03 07:55:43
30908	1	48		1	30	2014-04-03 07:56:37
30909	1	12		1	30	2014-04-03 07:58:02
30910	1	2		1	30	2014-04-03 07:59:57
30911	1	67		1	30	2014-04-03 08:16:03
30912	1	41		1	30	2014-04-03 08:19:26
30913	1	69		1	30	2014-04-03 08:25:59
30914	1	20		1	30	2014-04-03 08:42:27
30915	1	17		1	30	2014-04-03 08:44:25
30916	1	68		1	30	2014-04-03 09:30:45
30917	1	71		1	30	2014-04-03 11:24:19
30918	1	49		1	30	2014-04-03 12:00:52
30919	1	61		1	30	2014-04-03 12:01:18
30920	1	35		1	30	2014-04-03 12:01:31
30921	1	3		1	30	2014-04-03 12:01:39
30922	1	23		1	30	2014-04-03 12:01:43
30923	1	8		1	30	2014-04-03 12:01:45
30924	1	30		1	30	2014-04-03 12:01:55
30925	1	7		1	30	2014-04-03 12:02:04
30926	1	10		1	30	2014-04-03 12:02:05
30927	1	17		1	30	2014-04-03 12:02:09
30928	1	43		1	30	2014-04-03 12:02:11
30929	1	59		1	30	2014-04-03 12:02:14
30930	1	4		1	30	2014-04-03 12:02:17
30931	1	54		1	30	2014-04-03 12:02:21
30932	1	71		1	30	2014-04-03 12:02:25
30933	1	12		1	30	2014-04-03 12:02:58
30934	1	6		1	30	2014-04-03 12:03:25
30935	1	14		1	30	2014-04-03 12:03:33
30936	1	33		1	30	2014-04-03 12:03:38
30937	1	21		1	30	2014-04-03 12:03:54
30938	1	18		1	30	2014-04-03 12:04:16
30939	1	63		1	30	2014-04-03 12:04:23
30940	1	68		1	30	2014-04-03 12:04:35
30941	1	38		1	30	2014-04-03 12:04:41
30942	1	55		1	30	2014-04-03 12:04:43
30943	1	73		1	30	2014-04-03 12:04:56
30944	1	53		1	30	2014-04-03 12:05:40
30945	1	57		1	30	2014-04-03 12:05:43
30946	1	67		1	30	2014-04-03 12:05:52
30947	1	52		1	30	2014-04-03 12:05:55
30948	1	9		1	30	2014-04-03 12:06:04
30949	1	69		1	30	2014-04-03 12:06:07
30950	1	2		1	30	2014-04-03 12:07:35
30951	1	24		1	30	2014-04-03 12:08:20
30952	1	19		1	30	2014-04-03 12:08:49
30953	1	58		1	30	2014-04-03 12:09:29
30954	1	48		1	30	2014-04-03 12:09:49
30955	1	5		1	30	2014-04-03 12:10:11
30956	1	37		1	30	2014-04-03 12:10:24
30957	1	65		1	30	2014-04-03 12:10:28
30958	1	41		1	30	2014-04-03 12:10:39
30959	1	64		1	30	2014-04-03 12:15:10
30960	1	60		1	30	2014-04-03 12:21:20
30961	1	70		1	30	2014-04-03 12:26:01
30962	1	45		1	30	2014-04-03 12:27:37
30963	1	68		1	30	2014-04-03 12:33:54
30964	1	33		1	30	2014-04-03 13:03:12
30965	1	59		1	30	2014-04-03 13:03:30
30966	1	67		1	30	2014-04-03 13:03:34
30967	1	14		1	30	2014-04-03 13:03:57
30968	1	17		1	30	2014-04-03 13:04:21
30969	1	9		1	30	2014-04-03 13:05:49
30970	1	6		1	30	2014-04-03 13:06:19
30971	1	38		1	30	2014-04-03 13:06:27
30972	1	69		1	30	2014-04-03 13:07:03
30973	1	53		1	30	2014-04-03 13:07:21
30974	1	35		1	30	2014-04-03 13:08:20
30975	1	73		1	30	2014-04-03 13:08:33
30976	1	58		1	30	2014-04-03 13:09:20
30977	1	61		1	30	2014-04-03 13:09:40
30978	1	71		1	30	2014-04-03 13:10:00
30979	1	65		1	30	2014-04-03 13:10:05
30980	1	64		1	30	2014-04-03 13:10:12
30981	1	7		1	30	2014-04-03 13:10:27
30982	1	41		1	30	2014-04-03 13:10:31
30983	1	45		1	30	2014-04-03 13:10:36
30984	1	4		1	30	2014-04-03 13:10:45
30985	1	8		1	30	2014-04-03 13:11:34
30986	1	19		1	30	2014-04-03 13:12:49
30987	1	20		1	30	2014-04-03 13:12:55
30988	1	12		1	30	2014-04-03 13:13:13
30989	1	5		1	30	2014-04-03 13:13:26
30990	1	30		1	30	2014-04-03 13:13:44
30991	1	57		1	30	2014-04-03 13:17:38
30992	1	48		1	30	2014-04-03 13:17:40
30993	1	37		1	30	2014-04-03 13:18:07
30994	1	55		1	30	2014-04-03 13:19:05
30995	1	54		1	30	2014-04-03 13:19:09
30996	1	24		1	30	2014-04-03 13:19:57
30997	1	72		1	30	2014-04-03 13:20:00
30998	1	49		1	30	2014-04-03 13:20:16
30999	1	35		1	30	2014-04-03 13:21:14
31000	1	18		1	30	2014-04-03 13:21:37
31001	1	21		1	30	2014-04-03 13:23:01
31002	1	49		1	30	2014-04-03 13:23:18
31003	1	70		1	30	2014-04-03 13:23:21
31004	1	10		1	30	2014-04-03 13:23:23
31005	1	43		1	30	2014-04-03 13:23:40
31006	1	61		1	30	2014-04-03 13:23:44
31007	1	60		1	30	2014-04-03 13:25:00
31008	1	52		1	30	2014-04-03 13:25:04
31009	1	30		1	30	2014-04-03 13:26:16
31010	1	63		1	30	2014-04-03 13:26:48
31011	1	68		1	30	2014-04-03 13:26:50
31012	1	3		1	30	2014-04-03 13:29:50
31013	1	2		1	30	2014-04-03 13:31:29
31014	1	17		1	30	2014-04-03 15:37:15
31015	1	48		1	30	2014-04-03 17:04:23
31016	1	69		1	30	2014-04-03 17:05:42
31017	1	41		1	30	2014-04-03 17:26:13
31018	1	71		1	30	2014-04-03 17:34:13
31019	1	3		1	30	2014-04-03 17:34:17
31020	1	37		1	30	2014-04-03 17:34:25
31021	1	6		1	30	2014-04-03 17:34:37
31022	1	38		1	30	2014-04-03 17:34:43
31023	1	19		1	30	2014-04-03 17:34:46
31024	1	14		1	30	2014-04-03 17:34:50
31025	1	33		1	30	2014-04-03 17:34:54
31026	1	60		1	30	2014-04-03 17:35:03
31027	1	73		1	30	2014-04-03 17:35:07
31028	1	7		1	30	2014-04-03 17:35:10
31029	1	5		1	30	2014-04-03 17:35:26
31030	1	4		1	30	2014-04-03 17:36:02
31031	1	57		1	30	2014-04-03 17:36:08
31032	1	18		1	30	2014-04-03 17:36:11
31033	1	61		1	30	2014-04-03 17:36:17
31034	1	63		1	30	2014-04-03 17:36:25
31035	1	52		1	30	2014-04-03 17:37:16
31036	1	53		1	30	2014-04-03 17:37:18
31037	1	12		1	30	2014-04-03 17:37:29
31038	1	35		1	30	2014-04-03 17:37:32
31039	1	67		1	30	2014-04-03 17:37:43
31040	1	72		1	30	2014-04-03 17:38:05
31041	1	9		1	30	2014-04-03 17:38:17
31042	1	55		1	30	2014-04-03 17:41:18
31043	1	59		1	30	2014-04-03 17:41:20
31044	1	24		1	30	2014-04-03 17:41:23
31045	1	23		1	30	2014-04-03 17:41:31
31046	1	20		1	30	2014-04-03 17:41:37
31047	1	10		1	30	2014-04-03 17:41:39
31048	1	45		1	30	2014-04-03 17:41:42
31049	1	30		1	30	2014-04-03 17:41:45
31050	1	7		1	30	2014-04-03 17:42:29
31051	1	68		1	30	2014-04-03 17:43:31
31052	1	70		1	30	2014-04-03 17:43:35
31053	1	30		1	30	2014-04-03 17:45:09
31054	1	58		1	30	2014-04-03 17:46:01
31055	1	64		1	30	2014-04-03 17:47:50
31056	1	49		1	30	2014-04-03 17:47:53
31057	1	21		1	30	2014-04-03 17:47:55
31058	1	65		1	30	2014-04-03 17:47:59
31059	1	70		1	30	2014-04-03 17:48:02
31060	1	54		1	30	2014-04-03 17:48:34
31061	1	43		1	30	2014-04-03 17:48:37
31062	1	8		1	30	2014-04-03 18:04:52
31063	1	23		1	30	2014-04-03 21:17:59
31064	1	12		1	30	2014-04-03 21:51:28
31065	1	2		1	30	2014-04-04 06:55:36
31066	1	10		1	30	2014-04-04 07:11:38
31067	1	20		1	30	2014-04-04 07:27:40
31068	1	60		1	30	2014-04-04 07:27:42
31069	1	3		1	30	2014-04-04 07:31:18
31070	1	45		1	30	2014-04-04 07:31:21
31071	1	7		1	30	2014-04-04 07:33:40
31072	1	58		1	30	2014-04-04 07:36:30
31073	1	2		1	30	2014-04-04 07:36:39
31074	1	38		1	30	2014-04-04 07:36:47
31075	1	20		1	30	2014-04-04 07:37:05
31076	1	43		1	30	2014-04-04 07:37:29
31077	1	62		1	30	2014-04-04 07:37:31
31078	1	71		1	30	2014-04-04 07:37:34
31079	1	35		1	30	2014-04-04 07:37:43
31080	1	23		1	30	2014-04-04 07:38:37
31081	1	21		1	30	2014-04-04 07:38:39
31082	1	53		1	30	2014-04-04 07:38:46
31083	1	9		1	30	2014-04-04 07:39:49
31084	1	30		1	30	2014-04-04 07:39:51
31085	1	14		1	30	2014-04-04 07:39:56
31086	1	61		1	30	2014-04-04 07:41:41
31087	1	70		1	30	2014-04-04 07:41:43
31088	1	18		1	30	2014-04-04 07:41:46
31089	1	4		1	30	2014-04-04 07:41:48
31090	1	6		1	30	2014-04-04 07:41:52
31091	1	65		1	30	2014-04-04 07:42:49
31092	1	59		1	30	2014-04-04 07:42:52
31093	1	54		1	30	2014-04-04 07:42:56
31094	1	24		1	30	2014-04-04 07:45:45
31095	1	49		1	30	2014-04-04 07:45:56
31096	1	73		1	30	2014-04-04 07:48:13
31097	1	64		1	30	2014-04-04 07:49:18
31098	1	55		1	30	2014-04-04 07:49:22
31099	1	19		1	30	2014-04-04 07:50:15
31100	1	37		1	30	2014-04-04 07:50:18
31101	1	5		1	30	2014-04-04 07:50:46
31102	1	52		1	30	2014-04-04 07:51:21
31103	1	8		1	30	2014-04-04 07:51:26
31104	1	57		1	30	2014-04-04 07:51:28
31105	1	12		1	30	2014-04-04 07:55:37
31106	1	63		1	30	2014-04-04 07:55:42
31107	1	12		1	30	2014-04-04 08:00:03
31108	1	33		1	30	2014-04-04 08:01:36
31109	1	72		1	30	2014-04-04 08:02:02
31110	1	48		1	30	2014-04-04 08:07:54
31111	1	41		1	30	2014-04-04 08:19:34
31112	1	69		1	30	2014-04-04 08:21:09
31113	1	67		1	30	2014-04-04 08:23:46
31114	1	20		1	30	2014-04-04 08:42:54
31115	1	17		1	30	2014-04-04 08:43:31
31116	1	68		1	30	2014-04-04 09:11:45
31117	1	35		1	30	2014-04-04 12:01:11
31118	1	61		1	30	2014-04-04 12:01:22
31119	1	58		1	30	2014-04-04 12:01:26
31120	1	30		1	30	2014-04-04 12:01:35
31121	1	38		1	30	2014-04-04 12:01:45
31122	1	4		1	30	2014-04-04 12:01:59
31123	1	17		1	30	2014-04-04 12:02:15
31124	1	10		1	30	2014-04-04 12:02:18
31125	1	59		1	30	2014-04-04 12:02:31
31126	1	43		1	30	2014-04-04 12:02:34
31127	1	73		1	30	2014-04-04 12:02:56
31128	1	72		1	30	2014-04-04 12:03:00
31129	1	70		1	30	2014-04-04 12:03:20
31130	1	12		1	30	2014-04-04 12:03:22
31131	1	48		1	30	2014-04-04 12:03:32
31132	1	62		1	30	2014-04-04 12:03:36
31133	1	52		1	30	2014-04-04 12:03:53
31134	1	57		1	30	2014-04-04 12:04:14
31135	1	8		1	30	2014-04-04 12:04:16
31136	1	37		1	30	2014-04-04 12:04:27
31137	1	69		1	30	2014-04-04 12:04:46
31138	1	60		1	30	2014-04-04 12:06:14
31139	1	67		1	30	2014-04-04 12:06:20
31140	1	45		1	30	2014-04-04 12:06:36
31141	1	63		1	30	2014-04-04 12:07:09
31142	1	23		1	30	2014-04-04 12:08:04
31143	1	6		1	30	2014-04-04 12:08:17
31144	1	41		1	30	2014-04-04 12:11:41
31145	1	3		1	30	2014-04-04 12:13:47
31146	1	53		1	30	2014-04-04 12:15:59
31147	1	30		1	30	2014-04-04 12:16:17
31148	1	64		1	30	2014-04-04 12:19:53
31149	1	68		1	30	2014-04-04 12:19:55
31150	1	71		1	30	2014-04-04 12:19:58
31151	1	65		1	30	2014-04-04 12:20:29
31152	1	55		1	30	2014-04-04 12:21:02
31153	1	54		1	30	2014-04-04 12:21:05
31154	1	61		1	30	2014-04-04 12:21:47
31155	1	24		1	30	2014-04-04 12:22:29
31156	1	2		1	30	2014-04-04 12:22:35
31157	1	19		1	30	2014-04-04 12:22:40
31158	1	7		1	30	2014-04-04 12:22:44
31159	1	5		1	30	2014-04-04 12:22:48
31160	1	18		1	30	2014-04-04 12:22:51
31161	1	21		1	30	2014-04-04 12:22:52
31162	1	9		1	30	2014-04-04 12:22:54
31163	1	49		1	30	2014-04-04 12:22:57
31164	1	33		1	30	2014-04-04 12:23:15
31165	1	14		1	30	2014-04-04 12:24:13
31166	1	38		1	30	2014-04-04 12:27:01
31167	1	33		1	30	2014-04-04 12:59:52
31168	1	24		1	30	2014-04-04 13:02:40
31169	1	14		1	30	2014-04-04 13:02:58
31170	1	53		1	30	2014-04-04 13:04:56
31171	1	67		1	30	2014-04-04 13:07:04
31172	1	58		1	30	2014-04-04 13:08:53
31173	1	23		1	30	2014-04-04 13:09:01
31174	1	45		1	30	2014-04-04 13:09:20
31175	1	59		1	30	2014-04-04 13:09:37
31176	1	70		1	30	2014-04-04 13:09:44
31177	1	68		1	30	2014-04-04 13:09:46
31178	1	5		1	30	2014-04-04 13:09:54
31179	1	73		1	30	2014-04-04 13:09:58
31180	1	30		1	30	2014-04-04 13:10:10
31181	1	12		1	30	2014-04-04 13:10:55
31182	1	55		1	30	2014-04-04 13:10:58
31183	1	9		1	30	2014-04-04 13:11:04
31184	1	33		1	30	2014-04-04 13:11:10
31185	1	64		1	30	2014-04-04 13:11:15
31186	1	71		1	30	2014-04-04 13:11:19
31187	1	38		1	30	2014-04-04 13:11:27
31188	1	37		1	30	2014-04-04 13:12:19
31189	1	20		1	30	2014-04-04 13:15:10
31190	1	49		1	30	2014-04-04 13:17:11
31191	1	65		1	30	2014-04-04 13:18:27
31192	1	48		1	30	2014-04-04 13:20:03
31193	1	72		1	30	2014-04-04 13:20:06
31194	1	35		1	30	2014-04-04 13:20:19
31195	1	54		1	30	2014-04-04 13:20:44
31196	1	41		1	30	2014-04-04 13:21:13
31197	1	10		1	30	2014-04-04 13:21:27
31198	1	60		1	30	2014-04-04 13:22:26
31199	1	19		1	30	2014-04-04 13:23:10
31200	1	63		1	30	2014-04-04 13:23:30
31201	1	30		1	30	2014-04-04 13:23:34
31202	1	62		1	30	2014-04-04 13:24:19
31203	1	2		1	30	2014-04-04 13:25:51
31204	1	52		1	30	2014-04-04 13:26:07
31205	1	6		1	30	2014-04-04 13:26:16
31206	1	7		1	30	2014-04-04 13:27:07
31207	1	21		1	30	2014-04-04 13:27:30
31208	1	4		1	30	2014-04-04 13:27:31
31209	1	18		1	30	2014-04-04 13:27:34
31210	1	61		1	30	2014-04-04 13:28:29
31211	1	57		1	30	2014-04-04 16:02:21
31212	1	59		1	30	2014-04-04 16:36:12
31213	1	71		1	30	2014-04-04 17:01:23
31214	1	48		1	30	2014-04-04 17:07:25
31215	1	69		1	30	2014-04-04 17:08:46
31216	1	48		1	30	2014-04-04 17:10:52
31217	1	7		1	30	2014-04-04 17:34:07
31218	1	5		1	30	2014-04-04 17:34:12
31219	1	2		1	30	2014-04-04 17:34:15
31220	1	23		1	30	2014-04-04 17:34:19
31221	1	64		1	30	2014-04-04 17:34:24
31222	1	70		1	30	2014-04-04 17:34:27
31223	1	72		1	30	2014-04-04 17:34:29
31224	1	60		1	30	2014-04-04 17:34:31
31225	1	12		1	30	2014-04-04 17:34:33
31226	1	14		1	30	2014-04-04 17:34:36
31227	1	33		1	30	2014-04-04 17:34:37
31228	1	37		1	30	2014-04-04 17:34:42
31229	1	53		1	30	2014-04-04 17:34:52
31230	1	24		1	30	2014-04-04 17:34:57
31231	1	41		1	30	2014-04-04 17:36:07
31232	1	6		1	30	2014-04-04 17:36:51
31233	1	62		1	30	2014-04-04 17:36:55
31234	1	21		1	30	2014-04-04 17:36:59
31235	1	55		1	30	2014-04-04 17:37:01
31236	1	4		1	30	2014-04-04 17:37:02
31237	1	43		1	30	2014-04-04 17:37:06
31238	1	73		1	30	2014-04-04 17:37:09
31239	1	10		1	30	2014-04-04 17:37:12
31240	1	45		1	30	2014-04-04 17:37:15
31241	1	63		1	30	2014-04-04 17:37:18
31242	1	65		1	30	2014-04-04 17:37:22
31243	1	20		1	30	2014-04-04 17:37:26
31244	1	35		1	30	2014-04-04 17:37:33
31245	1	61		1	30	2014-04-04 17:37:51
31246	1	58		1	30	2014-04-04 17:38:35
31247	1	19		1	30	2014-04-04 17:39:14
31248	1	9		1	30	2014-04-04 17:39:16
31249	1	38		1	30	2014-04-04 17:39:19
31250	1	49		1	30	2014-04-04 17:39:29
31251	1	18		1	30	2014-04-04 17:40:55
31252	1	67		1	30	2014-04-04 17:46:31
31253	1	3		1	30	2014-04-04 17:47:42
31254	1	52		1	30	2014-04-04 17:47:54
31255	1	57		1	30	2014-04-04 17:55:06
31256	1	30		1	30	2014-04-04 17:58:01
31257	1	68		1	30	2014-04-04 18:00:13
31258	1	54		1	30	2014-04-04 18:11:08
31259	1	10		1	30	2014-04-05 07:21:11
31260	1	9		1	30	2014-04-05 07:21:13
31261	1	58		1	30	2014-04-05 07:27:43
31262	1	38		1	30	2014-04-05 07:34:38
31263	1	60		1	30	2014-04-05 07:36:35
31264	1	21		1	30	2014-04-05 07:36:48
31265	1	18		1	30	2014-04-05 07:36:52
31266	1	58		1	30	2014-04-05 07:37:12
31267	1	14		1	30	2014-04-05 07:40:12
31268	1	20		1	30	2014-04-05 07:41:25
31269	1	7		1	30	2014-04-05 07:41:26
31270	1	30		1	30	2014-04-05 07:41:28
31271	1	53		1	30	2014-04-05 07:41:31
31272	1	67		1	30	2014-04-05 07:41:33
31273	1	64		1	30	2014-04-05 07:41:37
31274	1	35		1	30	2014-04-05 07:41:41
31275	1	55		1	30	2014-04-05 07:41:44
31276	1	49		1	30	2014-04-05 07:42:12
31277	1	43		1	30	2014-04-05 07:42:30
31278	1	52		1	30	2014-04-05 07:42:41
31279	1	9		1	30	2014-04-05 07:43:17
31280	1	45		1	30	2014-04-05 07:43:24
31281	1	5		1	30	2014-04-05 07:43:28
31282	1	10		1	30	2014-04-05 07:43:57
31283	1	41		1	30	2014-04-05 07:44:24
31284	1	4		1	30	2014-04-05 07:46:46
31285	1	68		1	30	2014-04-05 07:47:56
31286	1	70		1	30	2014-04-05 07:49:21
31287	1	69		1	30	2014-04-05 07:49:23
31288	1	59		1	30	2014-04-05 07:49:26
31289	1	19		1	30	2014-04-05 07:50:55
31290	1	33		1	30	2014-04-05 07:50:58
31291	1	61		1	30	2014-04-05 07:51:02
31292	1	65		1	30	2014-04-05 07:51:07
31293	1	8		1	30	2014-04-05 07:51:10
31294	1	24		1	30	2014-04-05 07:51:13
31295	1	37		1	30	2014-04-05 07:52:08
31296	1	48		1	30	2014-04-05 07:52:11
31297	1	3		1	30	2014-04-05 07:52:13
31298	1	72		1	30	2014-04-05 07:52:20
31299	1	6		1	30	2014-04-05 07:52:24
31300	1	62		1	30	2014-04-05 07:53:16
31301	1	73		1	30	2014-04-05 07:53:18
31302	1	54		1	30	2014-04-05 07:53:20
31303	1	57		1	30	2014-04-05 07:56:15
31304	1	63		1	30	2014-04-05 07:57:21
31305	1	12		1	30	2014-04-05 07:58:40
31306	1	23		1	30	2014-04-05 07:59:51
31307	1	49		1	30	2014-04-05 12:12:32
31308	1	3		1	30	2014-04-05 12:12:34
31309	1	7		1	30	2014-04-05 12:12:38
31310	1	20		1	30	2014-04-05 12:12:41
31311	1	37		1	30	2014-04-05 12:12:45
31312	1	9		1	30	2014-04-05 12:12:47
31313	1	6		1	30	2014-04-05 12:12:52
31314	1	35		1	30	2014-04-05 12:12:59
31315	1	67		1	30	2014-04-05 12:13:02
31316	1	21		1	30	2014-04-05 12:13:03
31317	1	30		1	30	2014-04-05 12:13:07
31318	1	18		1	30	2014-04-05 12:13:09
31319	1	65		1	30	2014-04-05 12:13:13
31320	1	63		1	30	2014-04-05 12:13:15
31321	1	53		1	30	2014-04-05 12:13:18
31322	1	10		1	30	2014-04-05 12:13:21
31323	1	19		1	30	2014-04-05 12:13:22
31324	1	69		1	30	2014-04-05 12:13:26
31325	1	8		1	30	2014-04-05 12:13:29
31326	1	57		1	30	2014-04-05 12:13:32
31327	1	38		1	30	2014-04-05 12:13:34
31328	1	5		1	30	2014-04-05 12:13:36
31329	1	23		1	30	2014-04-05 12:13:38
31330	1	73		1	30	2014-04-05 12:13:41
31331	1	12		1	30	2014-04-05 12:13:43
31332	1	62		1	30	2014-04-05 12:13:45
31333	1	45		1	30	2014-04-05 12:13:47
31334	1	58		1	30	2014-04-05 12:14:26
31335	1	33		1	30	2014-04-05 12:15:00
31336	1	4		1	30	2014-04-05 12:15:26
31337	1	61		1	30	2014-04-05 12:17:10
31338	1	41		1	30	2014-04-05 12:18:12
31339	1	14		1	30	2014-04-05 12:18:15
31340	1	43		1	30	2014-04-05 12:21:09
31341	1	70		1	30	2014-04-05 12:23:24
31342	1	68		1	30	2014-04-05 12:23:36
31343	1	60		1	30	2014-04-05 12:25:02
31344	1	55		1	30	2014-04-05 12:25:05
31345	1	2		1	30	2014-04-05 12:31:24
31346	1	64		1	30	2014-04-05 12:33:20
31347	1	72		1	30	2014-04-05 12:33:30
31348	1	24		1	30	2014-04-05 12:33:32
31349	1	48		1	30	2014-04-05 12:33:36
31350	1	54		1	30	2014-04-05 13:48:36
31351	1	52		1	30	2014-04-05 15:35:39
31352	1	33		1	30	2014-04-07 07:26:21
31353	1	30		1	30	2014-04-07 07:27:25
31354	1	58		1	30	2014-04-07 07:28:33
31355	1	2		1	30	2014-04-07 07:29:55
31356	1	9		1	30	2014-04-07 07:30:54
31357	1	38		1	30	2014-04-07 07:30:57
31358	1	54		1	30	2014-04-07 07:30:59
31359	1	35		1	30	2014-04-07 07:31:12
31360	1	7		1	30	2014-04-07 07:31:53
31361	1	10		1	30	2014-04-07 07:31:56
31362	1	45		1	30	2014-04-07 07:31:59
31363	1	5		1	30	2014-04-07 07:33:54
31364	1	23		1	30	2014-04-07 07:34:36
31365	1	58		1	30	2014-04-07 07:34:51
31366	1	37		1	30	2014-04-07 07:35:35
31367	1	24		1	30	2014-04-07 07:39:03
31368	1	3		1	30	2014-04-07 07:40:04
31369	1	21		1	30	2014-04-07 07:40:06
31370	1	19		1	30	2014-04-07 07:40:08
31371	1	62		1	30	2014-04-07 07:41:26
31372	1	53		1	30	2014-04-07 07:41:31
31373	1	60		1	30	2014-04-07 07:41:55
31374	1	20		1	30	2014-04-07 07:42:21
31375	1	43		1	30	2014-04-07 07:42:24
31376	1	33		1	30	2014-04-07 07:42:53
31377	1	14		1	30	2014-04-07 07:43:04
31378	1	59		1	30	2014-04-07 07:43:19
31379	1	73		1	30	2014-04-07 07:45:00
31380	1	49		1	30	2014-04-07 07:46:21
31381	1	64		1	30	2014-04-07 07:50:18
31382	1	55		1	30	2014-04-07 07:50:22
31383	1	52		1	30	2014-04-07 07:51:40
31384	1	12		1	30	2014-04-07 07:52:58
31385	1	72		1	30	2014-04-07 07:53:56
31386	1	18		1	30	2014-04-07 07:55:00
31387	1	65		1	30	2014-04-07 07:55:03
31388	1	48		1	30	2014-04-07 07:56:13
31389	1	8		1	30	2014-04-07 07:56:16
31390	1	6		1	30	2014-04-07 07:57:41
31391	1	63		1	30	2014-04-07 07:57:47
31392	1	70		1	30	2014-04-07 07:59:48
31393	1	4		1	30	2014-04-07 08:00:47
31394	1	57		1	30	2014-04-07 08:00:49
31395	1	61		1	30	2014-04-07 08:10:56
31396	1	69		1	30	2014-04-07 08:18:53
31397	1	67		1	30	2014-04-07 08:20:09
31398	1	41		1	30	2014-04-07 08:25:44
31399	1	20		1	30	2014-04-07 08:47:07
31400	1	17		1	30	2014-04-07 08:59:14
31401	1	68		1	30	2014-04-07 09:12:50
31402	1	71		1	30	2014-04-07 09:33:17
31403	1	24		1	30	2014-04-07 12:01:14
31404	1	21		1	30	2014-04-07 12:01:19
31405	1	23		1	30	2014-04-07 12:01:35
31406	1	43		1	30	2014-04-07 12:01:37
31407	1	38		1	30	2014-04-07 12:01:44
31408	1	59		1	30	2014-04-07 12:01:47
31409	1	30		1	30	2014-04-07 12:01:51
31410	1	61		1	30	2014-04-07 12:02:03
31411	1	12		1	30	2014-04-07 12:02:11
31412	1	18		1	30	2014-04-07 12:03:00
31413	1	10		1	30	2014-04-07 12:03:12
31414	1	17		1	30	2014-04-07 12:03:36
31415	1	35		1	30	2014-04-07 12:03:46
31416	1	49		1	30	2014-04-07 12:03:54
31417	1	9		1	30	2014-04-07 12:03:57
31418	1	54		1	30	2014-04-07 12:04:00
31419	1	69		1	30	2014-04-07 12:04:05
31420	1	3		1	30	2014-04-07 12:04:13
31421	1	67		1	30	2014-04-07 12:04:21
31422	1	64		1	30	2014-04-07 12:04:25
31423	1	5		1	30	2014-04-07 12:04:40
31424	1	71		1	30	2014-04-07 12:04:45
31425	1	19		1	30	2014-04-07 12:04:57
31426	1	14		1	30	2014-04-07 12:05:02
31427	1	2		1	30	2014-04-07 12:05:53
31428	1	58		1	30	2014-04-07 12:06:22
31429	1	73		1	30	2014-04-07 12:06:34
31430	1	60		1	30	2014-04-07 12:08:14
31431	1	53		1	30	2014-04-07 12:08:19
31432	1	57		1	30	2014-04-07 12:08:34
31433	1	48		1	30	2014-04-07 12:08:42
31434	1	68		1	30	2014-04-07 12:09:34
31435	1	45		1	30	2014-04-07 12:09:44
31436	1	7		1	30	2014-04-07 12:10:23
31437	1	62		1	30	2014-04-07 12:10:34
31438	1	72		1	30	2014-04-07 12:11:06
31439	1	6		1	30	2014-04-07 12:13:07
31440	1	55		1	30	2014-04-07 12:13:43
31441	1	52		1	30	2014-04-07 12:13:55
31442	1	41		1	30	2014-04-07 12:16:09
31443	1	8		1	30	2014-04-07 12:18:16
31444	1	4		1	30	2014-04-07 12:20:03
31445	1	70		1	30	2014-04-07 12:21:27
31446	1	65		1	30	2014-04-07 12:22:47
31447	1	33		1	30	2014-04-07 12:31:15
31448	1	5		1	30	2014-04-07 13:00:35
31449	1	21		1	30	2014-04-07 13:01:44
31450	1	48		1	30	2014-04-07 13:01:49
31451	1	69		1	30	2014-04-07 13:03:42
31452	1	49		1	30	2014-04-07 13:04:12
31453	1	18		1	30	2014-04-07 13:04:49
31454	1	23		1	30	2014-04-07 13:04:52
31455	1	37		1	30	2014-04-07 13:05:12
31456	1	17		1	30	2014-04-07 13:06:02
31457	1	33		1	30	2014-04-07 13:08:01
31458	1	45		1	30	2014-04-07 13:08:09
31459	1	4		1	30	2014-04-07 13:08:15
31460	1	67		1	30	2014-04-07 13:08:26
31461	1	9		1	30	2014-04-07 13:08:30
31462	1	57		1	30	2014-04-07 13:08:31
31463	1	59		1	30	2014-04-07 13:08:41
31464	1	35		1	30	2014-04-07 13:08:57
31465	1	12		1	30	2014-04-07 13:10:15
31466	1	20		1	30	2014-04-07 13:12:38
31467	1	61		1	30	2014-04-07 13:13:22
31468	1	71		1	30	2014-04-07 13:14:25
31469	1	8		1	30	2014-04-07 13:15:25
31470	1	52		1	30	2014-04-07 13:16:22
31471	1	49		1	30	2014-04-07 13:16:29
31472	1	70		1	30	2014-04-07 13:16:37
31473	1	68		1	30	2014-04-07 13:16:40
31474	1	53		1	30	2014-04-07 13:16:48
31475	1	6		1	30	2014-04-07 13:17:15
31476	1	38		1	30	2014-04-07 13:17:26
31477	1	43		1	30	2014-04-07 13:18:06
31478	1	54		1	30	2014-04-07 13:18:50
31479	1	24		1	30	2014-04-07 13:21:13
31480	1	57		1	30	2014-04-07 13:21:34
31481	1	58		1	30	2014-04-07 13:22:06
31482	1	64		1	30	2014-04-07 13:22:43
31483	1	62		1	30	2014-04-07 13:24:05
31484	1	72		1	30	2014-04-07 13:24:19
31485	1	7		1	30	2014-04-07 13:24:22
31486	1	30		1	30	2014-04-07 13:24:27
31487	1	41		1	30	2014-04-07 13:26:17
31488	1	63		1	30	2014-04-07 13:26:25
31489	1	10		1	30	2014-04-07 13:27:07
31490	1	60		1	30	2014-04-07 13:27:23
31491	1	2		1	30	2014-04-07 13:28:27
31492	1	19		1	30	2014-04-07 13:30:25
31493	1	65		1	30	2014-04-07 13:32:57
31494	1	17		1	30	2014-04-07 13:45:22
31495	1	6		1	30	2014-04-07 13:45:46
31496	1	20		1	30	2014-04-07 13:46:10
31497	1	63		1	30	2014-04-07 13:46:14
31498	1	9		1	30	2014-04-07 13:46:17
31499	1	19		1	30	2014-04-07 13:46:20
31500	1	18		1	30	2014-04-07 13:47:02
31501	1	30		1	30	2014-04-07 13:47:08
31502	1	7		1	30	2014-04-07 13:47:24
31503	1	38		1	30	2014-04-07 13:47:32
31504	1	61		1	30	2014-04-07 13:47:35
31505	1	5		1	30	2014-04-07 13:47:43
31506	1	35		1	30	2014-04-07 13:48:03
31507	1	69		1	30	2014-04-07 13:48:12
31508	1	72		1	30	2014-04-07 13:48:17
31509	1	60		1	30	2014-04-07 13:48:18
31510	1	67		1	30	2014-04-07 13:48:24
31511	1	52		1	30	2014-04-07 13:48:33
31512	1	4		1	30	2014-04-07 13:48:56
31513	1	37		1	30	2014-04-07 13:49:05
31514	1	49		1	30	2014-04-07 13:49:12
31515	1	54		1	30	2014-04-07 13:49:18
31516	1	8		1	30	2014-04-07 13:50:00
31517	1	59		1	30	2014-04-07 13:50:02
31518	1	41		1	30	2014-04-07 13:50:18
31519	1	62		1	30	2014-04-07 13:50:48
31520	1	53		1	30	2014-04-07 13:51:15
31521	1	24		1	30	2014-04-07 13:52:01
31522	1	48		1	30	2014-04-07 13:52:04
31523	1	33		1	30	2014-04-07 13:52:33
31524	1	12		1	30	2014-04-07 13:56:01
31525	1	43		1	30	2014-04-07 15:33:36
31526	1	4		1	30	2014-04-07 15:45:29
31527	1	54		1	30	2014-04-07 15:47:39
31528	1	10		1	30	2014-04-07 15:47:48
31529	1	53		1	30	2014-04-07 15:47:51
31530	1	21		1	30	2014-04-07 15:49:20
31531	1	7		1	30	2014-04-07 15:49:22
31532	1	14		1	30	2014-04-07 15:49:24
31533	1	69		1	30	2014-04-07 15:49:26
31534	1	38		1	30	2014-04-07 15:49:29
31535	1	30		1	30	2014-04-07 15:49:31
31536	1	8		1	30	2014-04-07 15:49:34
31537	1	67		1	30	2014-04-07 15:51:01
31538	1	19		1	30	2014-04-07 15:51:03
31539	1	62		1	30	2014-04-07 15:51:05
31540	1	24		1	30	2014-04-07 15:51:07
31541	1	60		1	30	2014-04-07 15:51:09
31542	1	6		1	30	2014-04-07 15:51:12
31543	1	72		1	30	2014-04-07 15:51:15
31544	1	35		1	30	2014-04-07 15:51:18
31545	1	49		1	30	2014-04-07 15:52:14
31546	1	73		1	30	2014-04-07 15:52:23
31547	1	12		1	30	2014-04-07 15:52:26
31548	1	33		1	30	2014-04-07 15:52:53
31549	1	52		1	30	2014-04-07 15:53:27
31550	1	57		1	30	2014-04-07 15:53:29
31551	1	17		1	30	2014-04-07 15:53:31
31552	1	61		1	30	2014-04-07 15:53:33
31553	1	37		1	30	2014-04-07 15:53:36
31554	1	58		1	30	2014-04-07 15:53:38
31555	1	48		1	30	2014-04-07 15:53:42
31556	1	65		1	30	2014-04-07 15:53:52
31557	1	20		1	30	2014-04-07 15:54:33
31558	1	5		1	30	2014-04-07 15:54:35
31559	1	64		1	30	2014-04-07 15:54:38
31560	1	55		1	30	2014-04-07 15:54:42
31561	1	3		1	30	2014-04-07 15:55:35
31562	1	18		1	30	2014-04-07 15:58:41
31563	1	9		1	30	2014-04-07 15:58:43
31564	1	63		1	30	2014-04-07 16:01:57
31565	1	68		1	30	2014-04-07 16:10:06
31566	1	70		1	30	2014-04-07 16:10:08
31567	1	17		1	30	2014-04-07 16:35:36
31568	1	48		1	30	2014-04-07 17:08:21
31569	1	69		1	30	2014-04-07 17:09:01
31570	1	68		1	30	2014-04-07 17:17:00
31571	1	41		1	30	2014-04-07 17:28:56
31572	1	4		1	30	2014-04-07 17:32:56
31573	1	12		1	30	2014-04-07 17:34:15
31574	1	71		1	30	2014-04-07 17:34:55
31575	1	55		1	30	2014-04-07 17:35:00
31576	1	5		1	30	2014-04-07 17:35:03
31577	1	3		1	30	2014-04-07 17:35:07
31578	1	73		1	30	2014-04-07 17:35:09
31579	1	24		1	30	2014-04-07 17:35:12
31580	1	14		1	30	2014-04-07 17:35:15
31581	1	18		1	30	2014-04-07 17:35:18
31582	1	6		1	30	2014-04-07 17:35:24
31583	1	7		1	30	2014-04-07 17:35:32
31584	1	37		1	30	2014-04-07 17:35:34
31585	1	33		1	30	2014-04-07 17:35:48
31586	1	3		1	30	2014-04-07 17:38:13
31587	1	43		1	30	2014-04-07 17:38:18
31588	1	35		1	30	2014-04-07 17:38:22
31589	1	49		1	30	2014-04-07 17:38:27
31590	1	8		1	30	2014-04-07 17:38:30
31591	1	59		1	30	2014-04-07 17:38:32
31592	1	10		1	30	2014-04-07 17:38:34
31593	1	63		1	30	2014-04-07 17:38:36
31594	1	67		1	30	2014-04-07 17:38:38
31595	1	38		1	30	2014-04-07 17:38:43
31596	1	20		1	30	2014-04-07 17:38:46
31597	1	2		1	30	2014-04-07 17:38:53
31598	1	60		1	30	2014-04-07 17:39:08
31599	1	21		1	30	2014-04-07 17:39:24
31600	1	72		1	30	2014-04-07 17:39:44
31601	1	65		1	30	2014-04-07 17:39:52
31602	1	19		1	30	2014-04-07 17:40:11
31603	1	54		1	30	2014-04-07 17:40:19
31604	1	62		1	30	2014-04-07 17:40:55
31605	1	53		1	30	2014-04-07 17:43:23
31606	1	9		1	30	2014-04-07 17:44:09
31607	1	64		1	30	2014-04-07 17:44:53
31608	1	55		1	30	2014-04-07 17:45:02
31609	1	8		1	30	2014-04-07 17:51:49
31610	1	58		1	30	2014-04-07 17:56:20
31611	1	30		1	30	2014-04-07 17:56:30
31612	1	70		1	30	2014-04-07 18:05:58
31613	1	57		1	30	2014-04-07 18:06:15
31614	1	45		1	30	2014-04-07 18:06:37
31615	1	52		1	30	2014-04-07 18:06:53
31616	1	61		1	30	2014-04-07 18:07:02
31617	1	23		1	30	2014-04-07 18:57:09
31618	1	10		1	30	2014-04-08 07:29:56
31619	1	35		1	30	2014-04-08 07:30:07
31620	1	30		1	30	2014-04-08 07:30:58
31621	1	7		1	30	2014-04-08 07:30:59
31622	1	71		1	30	2014-04-08 07:31:02
31623	1	60		1	30	2014-04-08 07:31:04
31624	1	20		1	30	2014-04-08 07:31:06
31625	1	9		1	30	2014-04-08 07:31:08
31626	1	3		1	30	2014-04-08 07:32:04
31627	1	65		1	30	2014-04-08 07:32:06
31628	1	58		1	30	2014-04-08 07:32:08
31629	1	19		1	30	2014-04-08 07:32:10
31630	1	53		1	30	2014-04-08 07:32:17
31631	1	45		1	30	2014-04-08 07:33:04
31632	1	21		1	30	2014-04-08 07:34:02
31633	1	33		1	30	2014-04-08 07:35:25
31634	1	37		1	30	2014-04-08 07:35:29
31635	1	5		1	30	2014-04-08 07:35:32
31636	1	24		1	30	2014-04-08 07:36:47
31637	1	23		1	30	2014-04-08 07:38:27
31638	1	43		1	30	2014-04-08 07:39:20
31639	1	73		1	30	2014-04-08 07:40:34
31640	1	14		1	30	2014-04-08 07:40:41
31641	1	4		1	30	2014-04-08 07:43:32
31642	1	70		1	30	2014-04-08 07:43:34
31643	1	18		1	30	2014-04-08 07:44:34
31644	1	38		1	30	2014-04-08 07:44:36
31645	1	2		1	30	2014-04-08 07:45:30
31646	1	72		1	30	2014-04-08 07:46:57
31647	1	55		1	30	2014-04-08 07:47:59
31648	1	54		1	30	2014-04-08 07:48:02
31649	1	64		1	30	2014-04-08 07:48:17
31650	1	62		1	30	2014-04-08 07:49:01
31651	1	52		1	30	2014-04-08 07:49:04
31652	1	49		1	30	2014-04-08 07:49:07
31653	1	21		1	30	2014-04-08 07:51:37
31654	1	59		1	30	2014-04-08 07:52:17
31655	1	6		1	30	2014-04-08 07:54:29
31656	1	57		1	30	2014-04-08 07:55:53
31657	1	63		1	30	2014-04-08 07:57:38
31658	1	8		1	30	2014-04-08 07:58:33
31659	1	12		1	30	2014-04-08 07:59:32
31660	1	48		1	30	2014-04-08 07:59:34
31661	1	61		1	30	2014-04-08 08:01:01
31662	1	69		1	30	2014-04-08 08:20:36
31663	1	41		1	30	2014-04-08 08:27:47
31664	1	67		1	30	2014-04-08 08:38:00
31665	1	20		1	30	2014-04-08 08:48:05
31666	1	17		1	30	2014-04-08 08:49:34
31667	1	68		1	30	2014-04-08 09:27:29
31668	1	55		1	30	2014-04-08 12:01:05
31669	1	18		1	30	2014-04-08 12:01:15
31670	1	6		1	30	2014-04-08 12:01:32
31671	1	68		1	30	2014-04-08 12:01:53
31672	1	24		1	30	2014-04-08 12:02:02
31673	1	30		1	30	2014-04-08 12:02:08
31674	1	43		1	30	2014-04-08 12:02:11
31675	1	3		1	30	2014-04-08 12:02:13
31676	1	41		1	30	2014-04-08 12:02:40
31677	1	45		1	30	2014-04-08 12:02:43
31678	1	5		1	30	2014-04-08 12:03:00
31679	1	67		1	30	2014-04-08 12:03:05
31680	1	14		1	30	2014-04-08 12:03:11
31681	1	71		1	30	2014-04-08 12:03:19
31682	1	72		1	30	2014-04-08 12:03:27
31683	1	17		1	30	2014-04-08 12:03:36
31684	1	73		1	30	2014-04-08 12:03:46
31685	1	69		1	30	2014-04-08 12:03:51
31686	1	63		1	30	2014-04-08 12:03:58
31687	1	58		1	30	2014-04-08 12:04:05
31688	1	8		1	30	2014-04-08 12:04:10
31689	1	38		1	30	2014-04-08 12:04:22
31690	1	12		1	30	2014-04-08 12:04:36
31691	1	53		1	30	2014-04-08 12:05:18
31692	1	61		1	30	2014-04-08 12:06:09
31693	1	62		1	30	2014-04-08 12:06:43
31694	1	21		1	30	2014-04-08 12:07:14
31695	1	35		1	30	2014-04-08 12:07:34
31696	1	37		1	30	2014-04-08 12:08:54
31697	1	48		1	30	2014-04-08 12:09:42
31698	1	52		1	30	2014-04-08 12:10:21
31699	1	10		1	30	2014-04-08 12:11:59
31700	1	9		1	30	2014-04-08 12:12:05
31701	1	64		1	30	2014-04-08 12:13:17
31702	1	4		1	30	2014-04-08 12:13:33
31703	1	54		1	30	2014-04-08 12:13:38
31704	1	65		1	30	2014-04-08 12:13:50
31705	1	23		1	30	2014-04-08 12:14:01
31706	1	49		1	30	2014-04-08 12:15:13
31707	1	57		1	30	2014-04-08 12:19:01
31708	1	55		1	30	2014-04-08 12:19:41
31709	1	70		1	30	2014-04-08 12:23:42
31710	1	30		1	30	2014-04-08 12:25:13
31711	1	60		1	30	2014-04-08 12:30:09
31712	1	33		1	30	2014-04-08 12:35:06
31713	1	37		1	30	2014-04-08 12:46:59
31714	1	67		1	30	2014-04-08 13:04:34
31715	1	5		1	30	2014-04-08 13:07:04
31716	1	9		1	30	2014-04-08 13:08:06
31717	1	38		1	30	2014-04-08 13:08:09
31718	1	8		1	30	2014-04-08 13:08:21
31719	1	30		1	30	2014-04-08 13:08:35
31720	1	52		1	30	2014-04-08 13:11:42
31721	1	59		1	30	2014-04-08 13:12:35
31722	1	49		1	30	2014-04-08 13:12:49
31723	1	33		1	30	2014-04-08 13:13:08
31724	1	41		1	30	2014-04-08 13:14:31
31725	1	24		1	30	2014-04-08 13:14:35
31726	1	71		1	30	2014-04-08 13:16:40
31727	1	35		1	30	2014-04-08 13:17:37
31728	1	53		1	30	2014-04-08 13:18:01
31729	1	43		1	30	2014-04-08 13:18:49
31730	1	61		1	30	2014-04-08 13:18:51
31731	1	59		1	30	2014-04-08 13:18:59
31732	1	14		1	30	2014-04-08 13:19:06
31733	1	17		1	30	2014-04-08 13:21:21
31734	1	45		1	30	2014-04-08 13:21:23
31735	1	10		1	30	2014-04-08 13:21:34
31736	1	54		1	30	2014-04-08 13:21:50
31737	1	62		1	30	2014-04-08 13:22:08
31738	1	19		1	30	2014-04-08 13:22:53
31739	1	2		1	30	2014-04-08 13:24:15
31740	1	7		1	30	2014-04-08 13:24:19
31741	1	5		1	30	2014-04-08 13:26:15
31742	1	48		1	30	2014-04-08 13:27:59
31743	1	23		1	30	2014-04-08 13:51:10
31744	1	5		1	30	2014-04-08 13:51:51
31745	1	14		1	30	2014-04-08 14:33:29
31746	1	70		1	30	2014-04-08 14:47:04
31747	1	68		1	30	2014-04-08 14:47:06
31748	1	9		1	30	2014-04-08 14:50:11
31749	1	38		1	30	2014-04-08 14:50:12
31750	1	72		1	30	2014-04-08 16:07:14
31751	1	8		1	30	2014-04-08 16:07:17
31752	1	59		1	30	2014-04-08 16:07:20
31753	1	53		1	30	2014-04-08 16:07:22
31754	1	69		1	30	2014-04-08 16:08:31
31755	1	3		1	30	2014-04-08 16:09:27
31756	1	37		1	30	2014-04-08 16:13:42
31757	1	21		1	30	2014-04-08 16:14:51
31758	1	57		1	30	2014-04-08 16:14:53
31759	1	17		1	30	2014-04-08 16:35:16
31760	1	60		1	30	2014-04-08 16:38:43
31761	1	4		1	30	2014-04-08 16:50:36
31762	1	64		1	30	2014-04-08 16:51:32
31763	1	6		1	30	2014-04-08 16:51:36
31764	1	61		1	30	2014-04-08 16:56:30
31765	1	65		1	30	2014-04-08 16:56:32
31766	1	48		1	30	2014-04-08 17:01:22
31767	1	69		1	30	2014-04-08 17:05:29
31768	1	68		1	30	2014-04-08 17:15:29
31769	1	49		1	30	2014-04-08 17:34:14
31770	1	14		1	30	2014-04-08 17:34:21
31771	1	9		1	30	2014-04-08 17:34:25
31772	1	4		1	30	2014-04-08 17:34:27
31773	1	24		1	30	2014-04-08 17:34:31
31774	1	7		1	30	2014-04-08 17:35:06
31775	1	43		1	30	2014-04-08 17:35:20
31776	1	55		1	30	2014-04-08 17:35:46
31777	1	37		1	30	2014-04-08 17:35:49
31778	1	3		1	30	2014-04-08 17:35:52
31779	1	73		1	30	2014-04-08 17:35:56
31780	1	70		1	30	2014-04-08 17:35:59
31781	1	72		1	30	2014-04-08 17:36:03
31782	1	62		1	30	2014-04-08 17:38:10
31783	1	33		1	30	2014-04-08 17:38:14
31784	1	64		1	30	2014-04-08 17:38:19
31785	1	60		1	30	2014-04-08 17:38:25
31786	1	8		1	30	2014-04-08 17:38:29
31787	1	38		1	30	2014-04-08 17:38:33
31788	1	30		1	30	2014-04-08 17:38:36
31789	1	53		1	30	2014-04-08 17:38:38
31790	1	35		1	30	2014-04-08 17:38:41
31791	1	45		1	30	2014-04-08 17:38:43
31792	1	67		1	30	2014-04-08 17:38:45
31793	1	10		1	30	2014-04-08 17:38:48
31794	1	6		1	30	2014-04-08 17:39:08
31795	1	21		1	30	2014-04-08 17:42:51
31796	1	19		1	30	2014-04-08 17:44:57
31797	1	52		1	30	2014-04-08 17:46:24
31798	1	59		1	30	2014-04-08 17:46:45
31799	1	54		1	30	2014-04-08 17:51:53
31800	1	61		1	30	2014-04-08 17:57:30
31801	1	30		1	30	2014-04-08 17:58:21
31802	1	57		1	30	2014-04-08 18:01:53
31803	1	6		1	30	2014-04-08 18:08:33
31804	1	65		1	30	2014-04-08 18:09:19
31805	1	41		1	30	2014-04-08 18:10:25
31806	1	5		1	30	2014-04-08 18:14:15
31807	1	23		1	30	2014-04-08 18:57:15
31808	1	14		1	30	2014-04-09 07:32:45
31809	1	10		1	30	2014-04-09 07:34:59
31810	1	9		1	30	2014-04-09 07:35:01
31811	1	7		1	30	2014-04-09 07:35:03
31812	1	38		1	30	2014-04-09 07:35:04
31813	1	71		1	30	2014-04-09 07:35:08
31814	1	35		1	30	2014-04-09 07:35:14
31815	1	2		1	30	2014-04-09 07:36:33
31816	1	33		1	30	2014-04-09 07:37:35
31817	1	61		1	30	2014-04-09 07:37:40
31818	1	53		1	30	2014-04-09 07:37:53
31819	1	59		1	30	2014-04-09 07:37:58
31820	1	43		1	30	2014-04-09 07:38:38
31821	1	19		1	30	2014-04-09 07:40:37
31822	1	45		1	30	2014-04-09 07:40:49
31823	1	60		1	30	2014-04-09 07:41:37
31824	1	24		1	30	2014-04-09 07:42:36
31825	1	3		1	30	2014-04-09 07:42:39
31826	1	54		1	30	2014-04-09 07:43:52
31827	1	72		1	30	2014-04-09 07:44:48
31828	1	21		1	30	2014-04-09 07:45:48
31829	1	18		1	30	2014-04-09 07:45:50
31830	1	5		1	30	2014-04-09 07:46:48
31831	1	70		1	30	2014-04-09 07:47:50
31832	1	49		1	30	2014-04-09 07:48:51
31833	1	52		1	30	2014-04-09 07:48:54
31834	1	64		1	30	2014-04-09 07:48:58
31835	1	55		1	30	2014-04-09 07:49:02
31836	1	4		1	30	2014-04-09 07:49:55
31837	1	30		1	30	2014-04-09 07:49:57
31838	1	73		1	30	2014-04-09 07:49:59
31839	1	6		1	30	2014-04-09 07:51:17
31840	1	62		1	30	2014-04-09 07:52:13
31841	1	12		1	30	2014-04-09 07:52:21
31842	1	23		1	30	2014-04-09 07:53:12
31843	1	20		1	30	2014-04-09 07:55:06
31844	1	37		1	30	2014-04-09 07:55:08
31845	1	65		1	30	2014-04-09 07:56:06
31846	1	58		1	30	2014-04-09 07:56:09
31847	1	63		1	30	2014-04-09 07:57:50
31848	1	48		1	30	2014-04-09 07:59:44
31849	1	57		1	30	2014-04-09 08:00:40
31850	1	69		1	30	2014-04-09 08:17:42
31851	1	67		1	30	2014-04-09 08:19:24
31852	1	41		1	30	2014-04-09 08:22:50
31853	1	68		1	30	2014-04-09 08:31:09
31854	1	17		1	30	2014-04-09 09:09:06
31855	1	19		1	30	2014-04-09 12:00:21
31856	1	7		1	30	2014-04-09 12:00:58
31857	1	6		1	30	2014-04-09 12:01:04
31858	1	24		1	30	2014-04-09 12:01:08
31859	1	20		1	30	2014-04-09 12:01:24
31860	1	5		1	30	2014-04-09 12:01:27
31861	1	3		1	30	2014-04-09 12:01:34
31862	1	18		1	30	2014-04-09 12:01:42
31863	1	54		1	30	2014-04-09 12:02:08
31864	1	17		1	30	2014-04-09 12:02:14
31865	1	23		1	30	2014-04-09 12:02:25
31866	1	69		1	30	2014-04-09 12:02:33
31867	1	67		1	30	2014-04-09 12:02:37
31868	1	58		1	30	2014-04-09 12:02:53
31869	1	9		1	30	2014-04-09 12:02:55
31870	1	21		1	30	2014-04-09 12:02:57
31871	1	65		1	30	2014-04-09 12:02:59
31872	1	10		1	30	2014-04-09 12:03:36
31873	1	43		1	30	2014-04-09 12:03:50
31874	1	12		1	30	2014-04-09 12:03:55
31875	1	63		1	30	2014-04-09 12:04:03
31876	1	4		1	30	2014-04-09 12:04:12
31877	1	45		1	30	2014-04-09 12:04:56
31878	1	35		1	30	2014-04-09 12:05:01
31879	1	30		1	30	2014-04-09 12:05:10
31880	1	53		1	30	2014-04-09 12:05:15
31881	1	72		1	30	2014-04-09 12:05:19
31882	1	37		1	30	2014-04-09 12:05:23
31883	1	57		1	30	2014-04-09 12:05:50
31884	1	38		1	30	2014-04-09 12:05:57
31885	1	14		1	30	2014-04-09 12:07:28
31886	1	2		1	30	2014-04-09 12:07:38
31887	1	73		1	30	2014-04-09 12:08:03
31888	1	49		1	30	2014-04-09 12:08:37
31889	1	71		1	30	2014-04-09 12:10:35
31890	1	64		1	30	2014-04-09 12:11:10
31891	1	55		1	30	2014-04-09 12:11:13
31892	1	68		1	30	2014-04-09 12:11:25
31893	1	33		1	30	2014-04-09 12:11:31
31894	1	41		1	30	2014-04-09 12:13:15
31895	1	61		1	30	2014-04-09 12:13:29
31896	1	54		1	30	2014-04-09 12:16:54
31897	1	48		1	30	2014-04-09 12:20:28
31898	1	60		1	30	2014-04-09 12:21:35
31899	1	52		1	30	2014-04-09 12:23:09
31900	1	59		1	30	2014-04-09 12:24:13
31901	1	62		1	30	2014-04-09 12:28:19
31902	1	38		1	30	2014-04-09 12:59:20
31903	1	5		1	30	2014-04-09 13:00:15
31904	1	55		1	30	2014-04-09 13:00:22
31905	1	73		1	30	2014-04-09 13:01:49
31906	1	14		1	30	2014-04-09 13:02:06
31907	1	24		1	30	2014-04-09 13:03:09
31908	1	69		1	30	2014-04-09 13:04:08
31909	1	7		1	30	2014-04-09 13:04:27
31910	1	38		1	30	2014-04-09 13:04:35
31911	1	59		1	30	2014-04-09 13:05:11
31912	1	17		1	30	2014-04-09 13:05:19
31913	1	35		1	30	2014-04-09 13:05:25
31914	1	21		1	30	2014-04-09 13:06:33
31915	1	49		1	30	2014-04-09 13:07:00
31916	1	52		1	30	2014-04-09 13:07:16
31917	1	61		1	30	2014-04-09 13:07:42
31918	1	9		1	30	2014-04-09 13:08:20
31919	1	41		1	30	2014-04-09 13:10:24
31920	1	30		1	30	2014-04-09 13:11:39
31921	1	67		1	30	2014-04-09 13:12:51
31922	1	8		1	30	2014-04-09 13:13:35
31923	1	70		1	30	2014-04-09 13:14:33
31924	1	45		1	30	2014-04-09 13:14:36
31925	1	71		1	30	2014-04-09 13:15:20
31926	1	12		1	30	2014-04-09 13:15:31
31927	1	19		1	30	2014-04-09 13:16:30
31928	1	33		1	30	2014-04-09 13:16:33
31929	1	48		1	30	2014-04-09 13:17:26
31930	1	20		1	30	2014-04-09 13:18:04
31931	1	43		1	30	2014-04-09 13:18:53
31932	1	58		1	30	2014-04-09 13:18:58
31933	1	53		1	30	2014-04-09 13:19:12
31934	1	37		1	30	2014-04-09 13:20:48
31935	1	60		1	30	2014-04-09 13:20:52
31936	1	54		1	30	2014-04-09 13:20:56
31937	1	4		1	30	2014-04-09 13:22:02
31938	1	12		1	30	2014-04-09 13:22:56
31939	1	10		1	30	2014-04-09 13:23:10
31940	1	68		1	30	2014-04-09 13:23:13
31941	1	65		1	30	2014-04-09 13:24:17
31942	1	2		1	30	2014-04-09 13:25:12
31943	1	6		1	30	2014-04-09 13:25:58
31944	1	18		1	30	2014-04-09 13:26:33
31945	1	3		1	30	2014-04-09 13:26:35
31946	1	20		1	30	2014-04-09 13:27:05
31947	1	55		1	30	2014-04-09 13:27:30
31948	1	62		1	30	2014-04-09 13:28:55
31949	1	63		1	30	2014-04-09 13:30:27
31950	1	64		1	30	2014-04-09 13:40:11
31951	1	72		1	30	2014-04-09 13:40:23
31952	1	17		1	30	2014-04-09 16:31:48
31953	1	48		1	30	2014-04-09 17:00:42
31954	1	71		1	30	2014-04-09 17:03:34
31955	1	69		1	30	2014-04-09 17:07:51
31956	1	68		1	30	2014-04-09 17:16:24
31957	1	3		1	30	2014-04-09 17:30:52
31958	1	24		1	30	2014-04-09 17:31:07
31959	1	12		1	30	2014-04-09 17:33:20
31960	1	60		1	30	2014-04-09 17:33:29
31961	1	55		1	30	2014-04-09 17:33:47
31962	1	9		1	30	2014-04-09 17:33:52
31963	1	14		1	30	2014-04-09 17:33:55
31964	1	18		1	30	2014-04-09 17:34:00
31965	1	45		1	30	2014-04-09 17:34:03
31966	1	8		1	30	2014-04-09 17:34:16
31967	1	5		1	30	2014-04-09 17:34:20
31968	1	67		1	30	2014-04-09 17:34:23
31969	1	33		1	30	2014-04-09 17:34:28
31970	1	43		1	30	2014-04-09 17:34:33
31971	1	35		1	30	2014-04-09 17:34:44
31972	1	20		1	30	2014-04-09 17:34:47
31973	1	4		1	30	2014-04-09 17:35:01
31974	1	62		1	30	2014-04-09 17:35:54
31975	1	73		1	30	2014-04-09 17:36:00
31976	1	23		1	30	2014-04-09 17:36:07
31977	1	59		1	30	2014-04-09 17:36:20
31978	1	37		1	30	2014-04-09 17:36:22
31979	1	55		1	30	2014-04-09 17:36:57
31980	1	72		1	30	2014-04-09 17:37:01
31981	1	63		1	30	2014-04-09 17:37:08
31982	1	6		1	30	2014-04-09 17:37:30
31983	1	41		1	30	2014-04-09 17:37:37
31984	1	65		1	30	2014-04-09 17:39:45
31985	1	21		1	30	2014-04-09 17:39:53
31986	1	10		1	30	2014-04-09 17:39:56
31987	1	53		1	30	2014-04-09 17:40:03
31988	1	30		1	30	2014-04-09 17:40:06
31989	1	52		1	30	2014-04-09 17:40:08
31990	1	64		1	30	2014-04-09 17:40:11
31991	1	70		1	30	2014-04-09 17:40:20
31992	1	54		1	30	2014-04-09 17:40:25
31993	1	19		1	30	2014-04-09 17:40:38
31994	1	49		1	30	2014-04-09 17:41:50
31995	1	21		1	30	2014-04-09 17:44:25
31996	1	54		1	30	2014-04-09 17:44:27
31997	1	38		1	30	2014-04-09 17:48:06
31998	1	61		1	30	2014-04-09 17:50:16
31999	1	58		1	30	2014-04-09 17:55:35
32000	1	55		1	30	2014-04-09 17:57:41
32001	1	7		1	30	2014-04-09 18:08:19
32002	1	23		1	30	2014-04-09 19:10:06
32003	1	10		1	30	2014-04-10 07:23:49
32004	1	24		1	30	2014-04-10 07:29:45
32005	1	35		1	30	2014-04-10 07:31:52
32006	1	12		1	30	2014-04-10 07:32:17
32007	1	49		1	30	2014-04-10 07:33:47
32008	1	5		1	30	2014-04-10 07:34:22
32009	1	43		1	30	2014-04-10 07:34:25
32010	1	53		1	30	2014-04-10 07:34:32
32011	1	45		1	30	2014-04-10 07:35:47
32012	1	18		1	30	2014-04-10 07:36:13
32013	1	2		1	30	2014-04-10 07:40:30
32014	1	30		1	30	2014-04-10 07:40:33
32015	1	21		1	30	2014-04-10 07:40:36
32016	1	9		1	30	2014-04-10 07:40:45
32017	1	14		1	30	2014-04-10 07:46:44
32018	1	38		1	30	2014-04-10 07:46:57
32019	1	8		1	30	2014-04-10 07:48:45
32020	1	4		1	30	2014-04-10 07:48:48
32021	1	54		1	30	2014-04-10 07:48:50
32022	1	37		1	30	2014-04-10 07:48:53
32023	1	61		1	30	2014-04-10 07:48:56
32024	1	3		1	30	2014-04-10 07:49:01
32025	1	52		1	30	2014-04-10 07:49:04
32026	1	23		1	30	2014-04-10 07:49:22
32027	1	19		1	30	2014-04-10 07:49:51
32028	1	70		1	30	2014-04-10 07:49:54
32029	1	59		1	30	2014-04-10 07:49:57
32030	1	7		1	30	2014-04-10 07:51:20
32031	1	38		1	30	2014-04-10 07:51:39
32032	1	64		1	30	2014-04-10 07:51:59
32033	1	6		1	30	2014-04-10 07:52:06
32034	1	55		1	30	2014-04-10 07:52:10
32035	1	72		1	30	2014-04-10 07:55:24
32036	1	65		1	30	2014-04-10 07:55:33
32037	1	48		1	30	2014-04-10 07:55:36
32038	1	63		1	30	2014-04-10 07:57:06
32039	1	57		1	30	2014-04-10 07:58:13
32040	1	41		1	30	2014-04-10 08:19:24
32041	1	67		1	30	2014-04-10 08:24:38
32042	1	69		1	30	2014-04-10 08:25:31
32043	1	20		1	30	2014-04-10 08:41:43
32044	1	17		1	30	2014-04-10 08:53:53
32045	1	71		1	30	2014-04-10 08:57:06
32046	1	68		1	30	2014-04-10 09:11:07
32047	1	62		1	30	2014-04-10 10:21:19
32048	1	58		1	30	2014-04-10 10:21:35
32049	1	60		1	30	2014-04-10 10:21:39
32050	1	33		1	30	2014-04-10 10:22:17
32051	1	73		1	30	2014-04-10 10:26:10
32052	1	19		1	30	2014-04-10 10:43:14
32053	1	45		1	30	2014-04-10 12:00:16
32054	1	38		1	30	2014-04-10 12:00:39
32055	1	10		1	30	2014-04-10 12:00:41
32056	1	18		1	30	2014-04-10 12:00:58
32057	1	12		1	30	2014-04-10 12:01:12
32058	1	30		1	30	2014-04-10 12:01:20
32059	1	4		1	30	2014-04-10 12:01:29
32060	1	43		1	30	2014-04-10 12:01:31
32061	1	61		1	30	2014-04-10 12:01:37
32062	1	7		1	30	2014-04-10 12:01:40
32063	1	24		1	30	2014-04-10 12:01:42
32064	1	72		1	30	2014-04-10 12:02:07
32065	1	3		1	30	2014-04-10 12:02:10
32066	1	67		1	30	2014-04-10 12:02:17
32067	1	63		1	30	2014-04-10 12:02:22
32068	1	35		1	30	2014-04-10 12:02:30
32069	1	53		1	30	2014-04-10 12:02:33
32070	1	70		1	30	2014-04-10 12:03:24
32071	1	9		1	30	2014-04-10 12:03:40
32072	1	73		1	30	2014-04-10 12:03:42
32073	1	21		1	30	2014-04-10 12:04:01
32074	1	37		1	30	2014-04-10 12:04:08
32075	1	64		1	30	2014-04-10 12:04:29
32076	1	69		1	30	2014-04-10 12:04:31
32077	1	60		1	30	2014-04-10 12:04:53
32078	1	2		1	30	2014-04-10 12:05:09
32079	1	17		1	30	2014-04-10 12:05:13
32080	1	5		1	30	2014-04-10 12:05:19
32081	1	59		1	30	2014-04-10 12:05:22
32082	1	52		1	30	2014-04-10 12:05:30
32083	1	48		1	30	2014-04-10 12:06:15
32084	1	14		1	30	2014-04-10 12:06:36
32085	1	6		1	30	2014-04-10 12:07:39
32086	1	55		1	30	2014-04-10 12:09:06
32087	1	57		1	30	2014-04-10 12:11:25
32088	1	33		1	30	2014-04-10 12:12:15
32089	1	68		1	30	2014-04-10 12:12:28
32090	1	71		1	30	2014-04-10 12:14:26
32091	1	49		1	30	2014-04-10 12:15:38
32092	1	62		1	30	2014-04-10 12:21:57
32093	1	58		1	30	2014-04-10 12:22:52
32094	1	65		1	30	2014-04-10 12:26:09
32095	1	41		1	30	2014-04-10 12:26:26
32096	1	8		1	30	2014-04-10 12:26:28
32097	1	23		1	30	2014-04-10 12:26:50
32098	1	54		1	30	2014-04-10 12:40:11
32099	1	64		1	30	2014-04-10 13:00:32
32100	1	69		1	30	2014-04-10 13:00:40
32101	1	60		1	30	2014-04-10 13:00:45
32102	1	65		1	30	2014-04-10 13:00:47
32103	1	21		1	30	2014-04-10 13:00:54
32104	1	8		1	30	2014-04-10 13:00:59
32105	1	71		1	30	2014-04-10 13:01:19
32106	1	37		1	30	2014-04-10 13:02:19
32107	1	19		1	30	2014-04-10 13:03:12
32108	1	45		1	30	2014-04-10 13:03:29
32109	1	14		1	30	2014-04-10 13:03:45
32110	1	53		1	30	2014-04-10 13:04:05
32111	1	48		1	30	2014-04-10 13:04:09
32112	1	73		1	30	2014-04-10 13:04:18
32113	1	33		1	30	2014-04-10 13:04:49
32114	1	12		1	30	2014-04-10 13:05:32
32115	1	67		1	30	2014-04-10 13:06:28
32116	1	17		1	30	2014-04-10 13:07:20
32117	1	61		1	30	2014-04-10 13:08:29
32118	1	35		1	30	2014-04-10 13:08:40
32119	1	59		1	30	2014-04-10 13:08:52
32120	1	9		1	30	2014-04-10 13:11:33
32121	1	2		1	30	2014-04-10 13:11:59
32122	1	3		1	30	2014-04-10 13:12:01
32123	1	58		1	30	2014-04-10 13:12:06
32124	1	49		1	30	2014-04-10 13:14:08
32125	1	54		1	30	2014-04-10 13:16:18
32126	1	6		1	30	2014-04-10 13:17:18
32127	1	41		1	30	2014-04-10 13:18:14
32128	1	20		1	30	2014-04-10 13:19:22
32129	1	43		1	30	2014-04-10 13:19:56
32130	1	10		1	30	2014-04-10 13:22:15
32131	1	23		1	30	2014-04-10 13:22:27
32132	1	7		1	30	2014-04-10 13:23:59
32133	1	62		1	30	2014-04-10 13:24:24
32134	1	70		1	30	2014-04-10 13:25:40
32135	1	68		1	30	2014-04-10 13:25:41
32136	1	24		1	30	2014-04-10 13:25:49
32137	1	72		1	30	2014-04-10 13:25:52
32138	1	55		1	30	2014-04-10 13:26:31
32139	1	18		1	30	2014-04-10 13:26:43
32140	1	4		1	30	2014-04-10 13:26:52
32141	1	30		1	30	2014-04-10 13:26:59
32142	1	52		1	30	2014-04-10 13:27:05
32143	1	63		1	30	2014-04-10 13:28:17
32144	1	5		1	30	2014-04-10 13:28:26
32145	1	59		1	30	2014-04-10 13:29:02
32146	1	38		1	30	2014-04-10 13:31:06
32147	1	59		1	30	2014-04-10 15:05:23
32148	1	17		1	30	2014-04-10 16:32:10
32149	1	48		1	30	2014-04-10 17:01:26
32150	1	69		1	30	2014-04-10 17:07:23
32151	1	68		1	30	2014-04-10 17:17:48
32152	1	65		1	30	2014-04-10 17:30:32
32153	1	3		1	30	2014-04-10 17:31:54
32154	1	24		1	30	2014-04-10 17:32:03
32155	1	6		1	30	2014-04-10 17:32:06
32156	1	30		1	30	2014-04-10 17:32:10
32157	1	4		1	30	2014-04-10 17:32:15
32158	1	33		1	30	2014-04-10 17:32:18
32159	1	9		1	30	2014-04-10 17:32:21
32160	1	23		1	30	2014-04-10 17:32:30
32161	1	45		1	30	2014-04-10 17:32:36
32162	1	5		1	30	2014-04-10 17:32:44
32163	1	43		1	30	2014-04-10 17:32:47
32164	1	14		1	30	2014-04-10 17:33:08
32165	1	73		1	30	2014-04-10 17:33:24
32166	1	19		1	30	2014-04-10 17:33:34
32167	1	70		1	30	2014-04-10 17:33:40
32168	1	8		1	30	2014-04-10 17:33:53
32169	1	7		1	30	2014-04-10 17:34:06
32170	1	10		1	30	2014-04-10 17:34:08
32171	1	53		1	30	2014-04-10 17:34:11
32172	1	37		1	30	2014-04-10 17:34:14
32173	1	54		1	30	2014-04-10 17:34:20
32174	1	20		1	30	2014-04-10 17:36:35
32175	1	58		1	30	2014-04-10 17:36:38
32176	1	67		1	30	2014-04-10 17:36:41
32177	1	35		1	30	2014-04-10 17:36:43
32178	1	12		1	30	2014-04-10 17:36:46
32179	1	52		1	30	2014-04-10 17:36:52
32180	1	63		1	30	2014-04-10 17:36:55
32181	1	60		1	30	2014-04-10 17:37:00
32182	1	18		1	30	2014-04-10 17:38:48
32183	1	49		1	30	2014-04-10 17:39:27
32184	1	55		1	30	2014-04-10 17:39:35
32185	1	21		1	30	2014-04-10 17:40:57
32186	1	64		1	30	2014-04-10 17:41:15
32187	1	71		1	30	2014-04-10 17:41:31
32188	1	62		1	30	2014-04-10 17:42:00
32189	1	59		1	30	2014-04-10 17:42:03
32190	1	72		1	30	2014-04-10 17:42:35
32191	1	65		1	30	2014-04-10 17:47:42
32192	1	57		1	30	2014-04-10 17:56:36
32193	1	12		1	30	2014-04-10 17:56:38
32194	1	38		1	30	2014-04-10 17:56:44
32195	1	61		1	30	2014-04-10 18:27:22
32196	1	41		1	30	2014-04-10 18:31:03
32197	1	2		1	30	2014-04-11 07:12:49
32198	1	10		1	30	2014-04-11 07:21:22
32199	1	71		1	30	2014-04-11 07:23:13
32200	1	7		1	30	2014-04-11 07:26:37
32201	1	65		1	30	2014-04-11 07:26:39
32202	1	23		1	30	2014-04-11 07:27:02
32203	1	38		1	30	2014-04-11 07:30:03
32204	1	65		1	30	2014-04-11 07:30:12
32205	1	71		1	30	2014-04-11 07:30:15
32206	1	9		1	30	2014-04-11 07:30:18
32207	1	45		1	30	2014-04-11 07:30:49
32208	1	33		1	30	2014-04-11 07:30:52
32209	1	35		1	30	2014-04-11 07:31:01
32210	1	7		1	30	2014-04-11 07:31:12
32211	1	18		1	30	2014-04-11 07:32:11
32212	1	3		1	30	2014-04-11 07:33:08
32213	1	24		1	30	2014-04-11 07:33:11
32214	1	5		1	30	2014-04-11 07:33:13
32215	1	19		1	30	2014-04-11 07:35:10
32216	1	21		1	30	2014-04-11 07:36:21
32217	1	30		1	30	2014-04-11 07:38:48
32218	1	20		1	30	2014-04-11 07:38:51
32219	1	14		1	30	2014-04-11 07:40:49
32220	1	43		1	30	2014-04-11 07:43:42
32221	1	58		1	30	2014-04-11 07:43:45
32222	1	53		1	30	2014-04-11 07:43:51
32223	1	61		1	30	2014-04-11 07:44:45
32224	1	8		1	30	2014-04-11 07:44:48
32225	1	12		1	30	2014-04-11 07:47:01
32226	1	49		1	30	2014-04-11 07:47:28
32227	1	37		1	30	2014-04-11 07:47:30
32228	1	52		1	30	2014-04-11 07:47:37
32229	1	30		1	30	2014-04-11 07:47:44
32230	1	60		1	30	2014-04-11 07:47:49
32231	1	54		1	30	2014-04-11 07:50:24
32232	1	62		1	30	2014-04-11 07:51:48
32233	1	59		1	30	2014-04-11 07:54:59
32234	1	6		1	30	2014-04-11 07:56:05
32235	1	70		1	30	2014-04-11 07:56:09
32236	1	55		1	30	2014-04-11 07:56:12
32237	1	4		1	30	2014-04-11 07:56:18
32238	1	57		1	30	2014-04-11 07:56:21
32239	1	73		1	30	2014-04-11 07:56:23
32240	1	64		1	30	2014-04-11 07:56:27
32241	1	63		1	30	2014-04-11 07:57:35
32242	1	72		1	30	2014-04-11 08:00:17
32243	1	48		1	30	2014-04-11 08:10:24
