29097	1	48		1	30	3/21/2014 13:08
29098	1	20		1	30	3/21/2014 13:08
29099	1	4		1	30	3/21/2014 13:08
29100	1	19		1	30	3/21/2014 13:09
29101	1	6		1	30	3/21/2014 13:09
29102	1	57		1	30	3/21/2014 13:09
29103	1	21		1	30	3/21/2014 13:09
29104	1	60		1	30	3/21/2014 13:09
29105	1	61		1	30	3/21/2014 13:10
29106	1	71		1	30	3/21/2014 13:11
29107	1	35		1	30	3/21/2014 13:11
29108	1	7		1	30	3/21/2014 13:11
29109	1	53		1	30	3/21/2014 13:11
29110	1	58		1	30	3/21/2014 13:12
29111	1	65		1	30	3/21/2014 13:12
29112	1	49		1	30	3/21/2014 13:12
29113	1	59		1	30	3/21/2014 13:12
29114	1	45		1	30	3/21/2014 13:15
29115	1	10		1	30	3/21/2014 13:16
29116	1	35		1	30	3/21/2014 13:16
29117	1	43		1	30	3/21/2014 13:17
29118	1	70		1	30	3/21/2014 13:19
29119	1	17		1	30	3/21/2014 13:19
29120	1	64		1	30	3/21/2014 13:19
29121	1	73		1	30	3/21/2014 13:20
29122	1	24		1	30	3/21/2014 13:20
29123	1	23		1	30	3/21/2014 13:20
29124	1	37		1	30	3/21/2014 13:20
29125	1	72		1	30	3/21/2014 13:20
29126	1	5		1	30	3/21/2014 13:21
29127	1	62		1	30	3/21/2014 13:23
29128	1	3		1	30	3/21/2014 13:25
29129	1	35		1	30	3/21/2014 13:26
29130	1	54		1	30	3/21/2014 13:27
29131	1	12		1	30	3/21/2014 13:28
29132	1	33		1	30	3/21/2014 13:28
29133	1	2		1	30	3/21/2014 13:29
29134	1	67		1	30	3/21/2014 13:32
29135	1	63		1	30	3/21/2014 13:32
29136	1	52		1	30	3/21/2014 13:34
29137	1	67		1	30	3/21/2014 14:09
29138	1	17		1	30	3/21/2014 16:32
29139	1	20		1	30	3/21/2014 16:42
29140	1	71		1	30	3/21/2014 17:05
29141	1	69		1	30	3/21/2014 17:06
29142	1	59		1	30	3/21/2014 17:11
29143	1	41		1	30	3/21/2014 17:16
29144	1	52		1	30	3/21/2014 17:32
29145	1	18		1	30	3/21/2014 17:32
29146	1	37		1	30	3/21/2014 17:33
29147	1	65		1	30	3/21/2014 17:33
29148	1	60		1	30	3/21/2014 17:33
29149	1	14		1	30	3/21/2014 17:33
29150	1	7		1	30	3/21/2014 17:34
29151	1	61		1	30	3/21/2014 17:34
29152	1	23		1	30	3/21/2014 17:34
29153	1	35		1	30	3/21/2014 17:34
29154	1	3		1	30	3/21/2014 17:34
29155	1	57		1	30	3/21/2014 17:34
29156	1	5		1	30	3/21/2014 17:34
29157	1	2		1	30	3/21/2014 17:34
29158	1	4		1	30	3/21/2014 17:35
29159	1	12		1	30	3/21/2014 17:35
29160	1	10		1	30	3/21/2014 17:35
29161	1	58		1	30	3/21/2014 17:35
29162	1	73		1	30	3/21/2014 17:35
29163	1	54		1	30	3/21/2014 17:35
29164	1	70		1	30	3/21/2014 17:35
29165	1	24		1	30	3/21/2014 17:37
29166	1	43		1	30	3/21/2014 17:37
29167	1	48		1	30	3/21/2014 17:37
29168	1	45		1	30	3/21/2014 17:37
29169	1	63		1	30	3/21/2014 17:37
29170	1	19		1	30	3/21/2014 17:37
29171	1	9		1	30	3/21/2014 17:37
29172	1	38		1	30	3/21/2014 17:37
29173	1	21		1	30	3/21/2014 17:43
29174	1	72		1	30	3/21/2014 17:44
29175	1	64		1	30	3/21/2014 17:45
29176	1	53		1	30	3/21/2014 17:48
29177	1	49		1	30	3/21/2014 17:51
29178	1	55		1	30	3/21/2014 17:51
29179	1	30		1	30	3/21/2014 17:53
29180	1	33		1	30	3/21/2014 18:22
29181	1	67		1	30	3/21/2014 18:27
29182	1	6		1	30	3/21/2014 18:30
29183	1	62		1	30	3/21/2014 18:45
29184	1	37		1	30	3/21/2014 19:00
29185	1	10		1	30	3/22/2014 7:20
29186	1	19		1	30	3/22/2014 7:30
29187	1	45		1	30	3/22/2014 7:34
29188	1	14		1	30	3/22/2014 7:35
29189	1	67		1	30	3/22/2014 7:39
29190	1	18		1	30	3/22/2014 7:41
29191	1	49		1	30	3/22/2014 7:41
29192	1	52		1	30	3/22/2014 7:42
29193	1	20		1	30	3/22/2014 7:42
29194	1	55		1	30	3/22/2014 7:42
29195	1	64		1	30	3/22/2014 7:42
29196	1	58		1	30	3/22/2014 7:43
29197	1	43		1	30	3/22/2014 7:43
29198	1	59		1	30	3/22/2014 7:45
29199	1	24		1	30	3/22/2014 7:47
29200	1	7		1	30	3/22/2014 7:47
29201	1	9		1	30	3/22/2014 7:47
29202	1	35		1	30	3/22/2014 7:47
29203	1	30		1	30	3/22/2014 7:47
29204	1	6		1	30	3/22/2014 7:47
29205	1	53		1	30	3/22/2014 7:48
29206	1	37		1	30	3/22/2014 7:48
29207	1	70		1	30	3/22/2014 7:49
29208	1	65		1	30	3/22/2014 7:49
29209	1	12		1	30	3/22/2014 7:50
29210	1	69		1	30	3/22/2014 7:50
29211	1	48		1	30	3/22/2014 7:52
29212	1	54		1	30	3/22/2014 7:52
29213	1	4		1	30	3/22/2014 7:52
29214	1	60		1	30	3/22/2014 7:52
29215	1	23		1	30	3/22/2014 7:53
29216	1	5		1	30	3/22/2014 7:53
29217	1	38		1	30	3/22/2014 7:53
29218	1	61		1	30	3/22/2014 7:53
29219	1	68		1	30	3/22/2014 7:53
29220	1	41		1	30	3/22/2014 7:54
29221	1	2		1	30	3/22/2014 7:54
29222	1	57		1	30	3/22/2014 7:55
29223	1	21		1	30	3/22/2014 7:55
29224	1	72		1	30	3/22/2014 8:00
29225	1	63		1	30	3/22/2014 8:01
29226	1	3		1	30	3/22/2014 8:09
29227	1	33		1	30	3/22/2014 8:13
29228	1	20		1	30	3/22/2014 12:01
29229	1	6		1	30	3/22/2014 12:01
29230	1	58		1	30	3/22/2014 12:01
29231	1	33		1	30	3/22/2014 12:02
29232	1	43		1	30	3/22/2014 12:02
29233	1	67		1	30	3/22/2014 12:02
29234	1	53		1	30	3/22/2014 12:03
29235	1	55		1	30	3/22/2014 12:04
29236	1	60		1	30	3/22/2014 12:04
29237	1	38		1	30	3/22/2014 12:04
29238	1	35		1	30	3/22/2014 12:04
29239	1	68		1	30	3/22/2014 12:05
29240	1	4		1	30	3/22/2014 12:05
29241	1	49		1	30	3/22/2014 12:05
29242	1	30		1	30	3/22/2014 12:05
29243	1	52		1	30	3/22/2014 12:05
29244	1	41		1	30	3/22/2014 12:06
29245	1	59		1	30	3/22/2014 12:06
29246	1	69		1	30	3/22/2014 12:06
29247	1	61		1	30	3/22/2014 12:07
29248	1	45		1	30	3/22/2014 12:07
29249	1	37		1	30	3/22/2014 12:08
29250	1	10		1	30	3/22/2014 12:08
29251	1	72		1	30	3/22/2014 12:09
29252	1	63		1	30	3/22/2014 12:10
29253	1	65		1	30	3/22/2014 12:12
29254	1	64		1	30	3/22/2014 12:12
29255	1	70		1	30	3/22/2014 12:12
29256	1	23		1	30	3/22/2014 12:22
29257	1	55		1	30	3/22/2014 12:31
29258	1	54		1	30	3/22/2014 12:45
29259	1	48		1	30	3/22/2014 12:46
29260	1	12		1	30	3/22/2014 12:49
29261	1	7		1	30	3/22/2014 12:49
29262	1	21		1	30	3/22/2014 12:49
29263	1	18		1	30	3/22/2014 12:49
29264	1	5		1	30	3/22/2014 12:49
29265	1	57		1	30	3/22/2014 12:50
29266	1	14		1	30	3/22/2014 12:50
29267	1	19		1	30	3/22/2014 12:50
29268	1	3		1	30	3/22/2014 12:52
29269	1	2		1	30	3/22/2014 12:55
29270	1	9		1	30	3/22/2014 12:55
29271	1	24		1	30	3/22/2014 12:56
29272	1	38		1	30	3/22/2014 13:08
29273	1	23		1	30	3/22/2014 13:31
29274	1	35		1	30	3/24/2014 7:27
29275	1	60		1	30	3/24/2014 7:27
29276	1	2		1	30	3/24/2014 7:32
29277	1	10		1	30	3/24/2014 7:32
29278	1	9		1	30	3/24/2014 7:32
29279	1	18		1	30	3/24/2014 7:32
29280	1	49		1	30	3/24/2014 7:35
29281	1	53		1	30	3/24/2014 7:43
29282	1	67		1	30	3/24/2014 7:44
29283	1	30		1	30	3/24/2014 7:44
29284	1	20		1	30	3/24/2014 7:44
29285	1	54		1	30	3/24/2014 7:45
29286	1	24		1	30	3/24/2014 7:46
29287	1	23		1	30	3/24/2014 7:47
29288	1	59		1	30	3/24/2014 7:48
29289	1	64		1	30	3/24/2014 7:48
29290	1	5		1	30	3/24/2014 7:50
29291	1	4		1	30	3/24/2014 7:51
29292	1	12		1	30	3/24/2014 7:52
29293	1	21		1	30	3/24/2014 7:53
29294	1	3		1	30	3/24/2014 7:53
29295	1	52		1	30	3/24/2014 7:54
29296	1	19		1	30	3/24/2014 7:54
29297	1	6		1	30	3/24/2014 7:54
29298	1	37		1	30	3/24/2014 7:55
29299	1	38		1	30	3/24/2014 7:55
29300	1	43		1	30	3/24/2014 7:56
29301	1	63		1	30	3/24/2014 7:56
29302	1	48		1	30	3/24/2014 7:57
29303	1	72		1	30	3/24/2014 7:57
29304	1	70		1	30	3/24/2014 7:57
29305	1	65		1	30	3/24/2014 7:57
29306	1	57		1	30	3/24/2014 7:59
29307	1	45		1	30	3/24/2014 7:59
29308	1	7		1	30	3/24/2014 8:00
29309	1	61		1	30	3/24/2014 8:02
29310	1	41		1	30	3/24/2014 8:16
29311	1	69		1	30	3/24/2014 8:26
29312	1	17		1	30	3/24/2014 8:52
29313	1	68		1	30	3/24/2014 8:58
29314	1	71		1	30	3/24/2014 9:24
29315	1	73		1	30	3/24/2014 10:15
29316	1	33		1	30	3/24/2014 10:16
29317	1	55		1	30	3/24/2014 10:17
29318	1	14		1	30	3/24/2014 10:21
29319	1	58		1	30	3/24/2014 10:27
29320	1	62		1	30	3/24/2014 10:44
29321	1	12		1	30	3/24/2014 12:01
29322	1	30		1	30	3/24/2014 12:02
29323	1	21		1	30	3/24/2014 12:02
29324	1	17		1	30	3/24/2014 12:03
29325	1	67		1	30	3/24/2014 12:03
29326	1	3		1	30	3/24/2014 12:03
29327	1	49		1	30	3/24/2014 12:03
29328	1	55		1	30	3/24/2014 12:03
29329	1	37		1	30	3/24/2014 12:03
29330	1	19		1	30	3/24/2014 12:04
29331	1	10		1	30	3/24/2014 12:04
29332	1	23		1	30	3/24/2014 12:04
29333	1	18		1	30	3/24/2014 12:04
29334	1	38		1	30	3/24/2014 12:04
29335	1	53		1	30	3/24/2014 12:04
29336	1	9		1	30	3/24/2014 12:05
29337	1	20		1	30	3/24/2014 12:05
29338	1	5		1	30	3/24/2014 12:06
29339	1	7		1	30	3/24/2014 12:06
29340	1	48		1	30	3/24/2014 12:06
29341	1	54		1	30	3/24/2014 12:07
29342	1	35		1	30	3/24/2014 12:07
29343	1	72		1	30	3/24/2014 12:07
29344	1	45		1	30	3/24/2014 12:07
29345	1	43		1	30	3/24/2014 12:07
29346	1	4		1	30	3/24/2014 12:08
29347	1	2		1	30	3/24/2014 12:08
29348	1	41		1	30	3/24/2014 12:11
29349	1	48		1	30	3/24/2014 12:11
29350	1	61		1	30	3/24/2014 12:12
29351	1	14		1	30	3/24/2014 12:13
29352	1	69		1	30	3/24/2014 12:14
29353	1	65		1	30	3/24/2014 12:14
29354	1	58		1	30	3/24/2014 12:14
29355	1	64		1	30	3/24/2014 12:15
29356	1	70		1	30	3/24/2014 12:15
29357	1	52		1	30	3/24/2014 12:16
29358	1	6		1	30	3/24/2014 12:18
29359	1	62		1	30	3/24/2014 12:18
29360	1	24		1	30	3/24/2014 12:21
29361	1	59		1	30	3/24/2014 12:21
29362	1	73		1	30	3/24/2014 12:22
29363	1	73		1	30	3/24/2014 12:26
29364	1	71		1	30	3/24/2014 12:29
29365	1	68		1	30	3/24/2014 12:29
29366	1	57		1	30	3/24/2014 12:33
29367	1	33		1	30	3/24/2014 12:39
29368	1	52		1	30	3/24/2014 12:45
29369	1	57		1	30	3/24/2014 12:54
29370	1	21		1	30	3/24/2014 13:01
29371	1	68		1	30	3/24/2014 13:02
29372	1	20		1	30	3/24/2014 13:03
29373	1	73		1	30	3/24/2014 13:03
29374	1	52		1	30	3/24/2014 13:05
29375	1	67		1	30	3/24/2014 13:06
29376	1	57		1	30	3/24/2014 13:06
29377	1	17		1	30	3/24/2014 13:06
29378	1	7		1	30	3/24/2014 13:06
29379	1	4		1	30	3/24/2014 13:06
29380	1	24		1	30	3/24/2014 13:07
29381	1	37		1	30	3/24/2014 13:07
29382	1	38		1	30	3/24/2014 13:07
29383	1	45		1	30	3/24/2014 13:08
29384	1	33		1	30	3/24/2014 13:09
29385	1	58		1	30	3/24/2014 13:09
29386	1	60		1	30	3/24/2014 13:09
29387	1	69		1	30	3/24/2014 13:09
29388	1	19		1	30	3/24/2014 13:11
29389	1	41		1	30	3/24/2014 13:11
29390	1	53		1	30	3/24/2014 13:12
29391	1	3		1	30	3/24/2014 13:12
29392	1	35		1	30	3/24/2014 13:12
29393	1	61		1	30	3/24/2014 13:15
29394	1	5		1	30	3/24/2014 13:15
29395	1	18		1	30	3/24/2014 13:16
29396	1	54		1	30	3/24/2014 13:16
29397	1	12		1	30	3/24/2014 13:17
29398	1	30		1	30	3/24/2014 13:17
29399	1	59		1	30	3/24/2014 13:19
29400	1	23		1	30	3/24/2014 13:19
29401	1	49		1	30	3/24/2014 13:19
29402	1	72		1	30	3/24/2014 13:20
29403	1	70		1	30	3/24/2014 13:21
29404	1	14		1	30	3/24/2014 13:21
29405	1	43		1	30	3/24/2014 13:22
29406	1	64		1	30	3/24/2014 13:22
29407	1	65		1	30	3/24/2014 13:22
29408	1	55		1	30	3/24/2014 13:22
29409	1	9		1	30	3/24/2014 13:22
29410	1	62		1	30	3/24/2014 13:22
29411	1	48		1	30	3/24/2014 13:23
29412	1	10		1	30	3/24/2014 13:25
29413	1	68		1	30	3/24/2014 13:26
29414	1	63		1	30	3/24/2014 13:28
29415	1	54		1	30	3/24/2014 13:29
29416	1	6		1	30	3/24/2014 13:31
29417	1	71		1	30	3/24/2014 13:43
29418	1	8		1	30	3/24/2014 14:51
29419	1	17		1	30	3/24/2014 16:36
29420	1	69		1	30	3/24/2014 17:04
29421	1	48		1	30	3/24/2014 17:06
29422	1	68		1	30	3/24/2014 17:16
29423	1	41		1	30	3/24/2014 17:27
29424	1	14		1	30	3/24/2014 17:31
29425	1	60		1	30	3/24/2014 17:31
29426	1	43		1	30	3/24/2014 17:31
29427	1	70		1	30	3/24/2014 17:31
29428	1	30		1	30	3/24/2014 17:31
29429	1	71		1	30	3/24/2014 17:31
29430	1	72		1	30	3/24/2014 17:31
29431	1	37		1	30	3/24/2014 17:31
29432	1	7		1	30	3/24/2014 17:31
29433	1	3		1	30	3/24/2014 17:31
29434	1	59		1	30	3/24/2014 17:31
29435	1	4		1	30	3/24/2014 17:31
29436	1	24		1	30	3/24/2014 17:31
29437	1	53		1	30	3/24/2014 17:32
29438	1	8		1	30	3/24/2014 17:34
29439	1	10		1	30	3/24/2014 17:34
29440	1	67		1	30	3/24/2014 17:34
29441	1	18		1	30	3/24/2014 17:34
29442	1	35		1	30	3/24/2014 17:34
29443	1	20		1	30	3/24/2014 17:34
29444	1	38		1	30	3/24/2014 17:34
29445	1	9		1	30	3/24/2014 17:34
29446	1	73		1	30	3/24/2014 17:34
29447	1	33		1	30	3/24/2014 17:34
29448	1	5		1	30	3/24/2014 17:34
29449	1	6		1	30	3/24/2014 17:35
29450	1	12		1	30	3/24/2014 17:35
29451	1	45		1	30	3/24/2014 17:37
29452	1	19		1	30	3/24/2014 17:38
29453	1	71		1	30	3/24/2014 17:41
29454	1	49		1	30	3/24/2014 17:45
29455	1	55		1	30	3/24/2014 17:45
29456	1	63		1	30	3/24/2014 17:45
29457	1	52		1	30	3/24/2014 17:45
29458	1	21		1	30	3/24/2014 17:45
29459	1	62		1	30	3/24/2014 17:49
29460	1	65		1	30	3/24/2014 17:50
29461	1	57		1	30	3/24/2014 17:51
29462	1	64		1	30	3/24/2014 17:51
29463	1	61		1	30	3/24/2014 17:53
29464	1	55		1	30	3/24/2014 17:53
29465	1	61		1	30	3/24/2014 18:00
29466	1	54		1	30	3/24/2014 18:19
29467	1	65		1	30	3/24/2014 19:11
29468	1	23		1	30	3/24/2014 19:12
29469	1	14		1	30	3/25/2014 7:37
29470	1	65		1	30	3/25/2014 7:37
29471	1	53		1	30	3/25/2014 7:37
29472	1	24		1	30	3/25/2014 7:37
29473	1	3		1	30	3/25/2014 7:38
29474	1	45		1	30	3/25/2014 7:38
29475	1	7		1	30	3/25/2014 7:39
29476	1	10		1	30	3/25/2014 7:39
29477	1	18		1	30	3/25/2014 7:39
29478	1	9		1	30	3/25/2014 7:40
29479	1	71		1	30	3/25/2014 7:40
29480	1	20		1	30	3/25/2014 7:41
29481	1	30		1	30	3/25/2014 7:41
29482	1	60		1	30	3/25/2014 7:41
29483	1	67		1	30	3/25/2014 7:43
29484	1	62		1	30	3/25/2014 7:43
29485	1	4		1	30	3/25/2014 7:45
29486	1	52		1	30	3/25/2014 7:47
29487	1	38		1	30	3/25/2014 7:48
29488	1	64		1	30	3/25/2014 7:48
29489	1	55		1	30	3/25/2014 7:48
29490	1	30		1	30	3/25/2014 7:49
29491	1	35		1	30	3/25/2014 7:50
29492	1	49		1	30	3/25/2014 7:50
29493	1	70		1	30	3/25/2014 7:51
29494	1	73		1	30	3/25/2014 7:51
29495	1	2		1	30	3/25/2014 7:51
29496	1	59		1	30	3/25/2014 7:51
29497	1	21		1	30	3/25/2014 7:52
29498	1	48		1	30	3/25/2014 7:52
29499	1	5		1	30	3/25/2014 7:53
29500	1	23		1	30	3/25/2014 7:54
29501	1	54		1	30	3/25/2014 7:54
29502	1	72		1	30	3/25/2014 7:55
29503	1	57		1	30	3/25/2014 7:55
29504	1	63		1	30	3/25/2014 7:55
29505	1	19		1	30	3/25/2014 7:58
29506	1	6		1	30	3/25/2014 7:58
29507	1	12		1	30	3/25/2014 7:58
29508	1	61		1	30	3/25/2014 8:07
29509	1	33		1	30	3/25/2014 8:14
29510	1	69		1	30	3/25/2014 8:14
29511	1	41		1	30	3/25/2014 8:25
29512	1	17		1	30	3/25/2014 8:50
29513	1	68		1	30	3/25/2014 9:20
29514	1	58		1	30	3/25/2014 10:16
29515	1	73		1	30	3/25/2014 12:02
29516	1	38		1	30	3/25/2014 12:02
29517	1	30		1	30	3/25/2014 12:02
29518	1	23		1	30	3/25/2014 12:03
29519	1	48		1	30	3/25/2014 12:03
29520	1	69		1	30	3/25/2014 12:03
29521	1	67		1	30	3/25/2014 12:03
29522	1	63		1	30	3/25/2014 12:03
29523	1	49		1	30	3/25/2014 12:03
29524	1	70		1	30	3/25/2014 12:04
29525	1	6		1	30	3/25/2014 12:04
29526	1	41		1	30	3/25/2014 12:04
29527	1	72		1	30	3/25/2014 12:04
29528	1	68		1	30	3/25/2014 12:04
29529	1	52		1	30	3/25/2014 12:04
29530	1	18		1	30	3/25/2014 12:04
29531	1	71		1	30	3/25/2014 12:04
29532	1	57		1	30	3/25/2014 12:04
29533	1	24		1	30	3/25/2014 12:04
29534	1	7		1	30	3/25/2014 12:04
29535	1	12		1	30	3/25/2014 12:04
29536	1	54		1	30	3/25/2014 12:05
29537	1	10		1	30	3/25/2014 12:05
29538	1	3		1	30	3/25/2014 12:05
29539	1	9		1	30	3/25/2014 12:05
29540	1	21		1	30	3/25/2014 12:05
29541	1	58		1	30	3/25/2014 12:05
29542	1	19		1	30	3/25/2014 12:05
29543	1	61		1	30	3/25/2014 12:07
29544	1	37		1	30	3/25/2014 12:07
29545	1	53		1	30	3/25/2014 12:08
29546	1	14		1	30	3/25/2014 12:08
29547	1	35		1	30	3/25/2014 12:09
29548	1	2		1	30	3/25/2014 12:09
29549	1	5		1	30	3/25/2014 12:10
29550	1	17		1	30	3/25/2014 12:10
29551	1	60		1	30	3/25/2014 12:12
29552	1	65		1	30	3/25/2014 12:17
29553	1	64		1	30	3/25/2014 12:17
29554	1	62		1	30	3/25/2014 12:25
29555	1	33		1	30	3/25/2014 12:27
29556	1	4		1	30	3/25/2014 12:27
29557	1	43		1	30	3/25/2014 12:27
29558	1	45		1	30	3/25/2014 12:27
29559	1	59		1	30	3/25/2014 12:31
29560	1	58		1	30	3/25/2014 13:02
29561	1	65		1	30	3/25/2014 13:02
29562	1	68		1	30	3/25/2014 13:03
29563	1	9		1	30	3/25/2014 13:03
29564	1	30		1	30	3/25/2014 13:03
29565	1	71		1	30	3/25/2014 13:04
29566	1	20		1	30	3/25/2014 13:05
29567	1	18		1	30	3/25/2014 13:05
29568	1	23		1	30	3/25/2014 13:06
29569	1	14		1	30	3/25/2014 13:07
29570	1	7		1	30	3/25/2014 13:07
29571	1	67		1	30	3/25/2014 13:07
29572	1	3		1	30	3/25/2014 13:07
29573	1	59		1	30	3/25/2014 13:07
29574	1	21		1	30	3/25/2014 13:08
29575	1	61		1	30	3/25/2014 13:08
29576	1	60		1	30	3/25/2014 13:09
29577	1	52		1	30	3/25/2014 13:10
29578	1	41		1	30	3/25/2014 13:11
29579	1	73		1	30	3/25/2014 13:11
29580	1	5		1	30	3/25/2014 13:11
29581	1	24		1	30	3/25/2014 13:13
29582	1	19		1	30	3/25/2014 13:13
29583	1	53		1	30	3/25/2014 13:13
29584	1	37		1	30	3/25/2014 13:13
29585	1	48		1	30	3/25/2014 13:14
29586	1	55		1	30	3/25/2014 13:14
29587	1	49		1	30	3/25/2014 13:15
29588	1	17		1	30	3/25/2014 13:16
29589	1	45		1	30	3/25/2014 13:16
29590	1	35		1	30	3/25/2014 13:16
29591	1	38		1	30	3/25/2014 13:17
29592	1	72		1	30	3/25/2014 13:17
29593	1	63		1	30	3/25/2014 13:17
29594	1	70		1	30	3/25/2014 13:17
29595	1	69		1	30	3/25/2014 13:18
29596	1	10		1	30	3/25/2014 13:20
29597	1	54		1	30	3/25/2014 13:22
29598	1	43		1	30	3/25/2014 13:22
29599	1	2		1	30	3/25/2014 13:25
29600	1	4		1	30	3/25/2014 13:25
29601	1	62		1	30	3/25/2014 13:25
29602	1	68		1	30	3/25/2014 13:26
29603	1	64		1	30	3/25/2014 13:27
29604	1	6		1	30	3/25/2014 13:31
29605	1	57		1	30	3/25/2014 13:31
29606	1	17		1	30	3/25/2014 16:35
29607	1	71		1	30	3/25/2014 17:03
29608	1	69		1	30	3/25/2014 17:05
29609	1	48		1	30	3/25/2014 17:05
29610	1	68		1	30	3/25/2014 17:16
29611	1	41		1	30	3/25/2014 17:27
29612	1	12		1	30	3/25/2014 17:33
29613	1	9		1	30	3/25/2014 17:34
29614	1	24		1	30	3/25/2014 17:35
29615	1	21		1	30	3/25/2014 17:35
29616	1	62		1	30	3/25/2014 17:35
29617	1	37		1	30	3/25/2014 17:35
29618	1	61		1	30	3/25/2014 17:35
29619	1	10		1	30	3/25/2014 17:35
29620	1	67		1	30	3/25/2014 17:35
29621	1	63		1	30	3/25/2014 17:36
29622	1	30		1	30	3/25/2014 17:36
29623	1	60		1	30	3/25/2014 17:37
29624	1	70		1	30	3/25/2014 17:37
29625	1	65		1	30	3/25/2014 17:37
29626	1	72		1	30	3/25/2014 17:37
29627	1	14		1	30	3/25/2014 17:38
29628	1	33		1	30	3/25/2014 17:38
29629	1	5		1	30	3/25/2014 17:38
29630	1	2		1	30	3/25/2014 17:38
29631	1	3		1	30	3/25/2014 17:38
29632	1	49		1	30	3/25/2014 17:38
29633	1	58		1	30	3/25/2014 17:39
29634	1	53		1	30	3/25/2014 17:39
29635	1	64		1	30	3/25/2014 17:41
29636	1	20		1	30	3/25/2014 17:41
29637	1	35		1	30	3/25/2014 17:41
29638	1	73		1	30	3/25/2014 17:41
29639	1	45		1	30	3/25/2014 17:41
29640	1	7		1	30	3/25/2014 17:41
29641	1	52		1	30	3/25/2014 17:41
29642	1	54		1	30	3/25/2014 17:42
29643	1	18		1	30	3/25/2014 17:43
29644	1	59		1	30	3/25/2014 17:44
29645	1	21		1	30	3/25/2014 17:44
29646	1	4		1	30	3/25/2014 17:48
29647	1	19		1	30	3/25/2014 17:50
29648	1	38		1	30	3/25/2014 17:50
29649	1	23		1	30	3/25/2014 17:50
29650	1	43		1	30	3/25/2014 17:50
29651	1	6		1	30	3/25/2014 17:53
29652	1	55		1	30	3/25/2014 18:02
29653	1	30		1	30	3/25/2014 18:37
29654	1	57		1	30	3/25/2014 18:38
29655	1	14		1	30	3/26/2014 7:31
29656	1	60		1	30	3/26/2014 7:32
29657	1	38		1	30	3/26/2014 7:36
29658	1	45		1	30	3/26/2014 7:36
29659	1	35		1	30	3/26/2014 7:36
29660	1	8		1	30	3/26/2014 7:38
29661	1	73		1	30	3/26/2014 7:38
29662	1	67		1	30	3/26/2014 7:39
29663	1	9		1	30	3/26/2014 7:40
29664	1	33		1	30	3/26/2014 7:40
29665	1	10		1	30	3/26/2014 7:42
29666	1	24		1	30	3/26/2014 7:42
29667	1	20		1	30	3/26/2014 7:42
29668	1	62		1	30	3/26/2014 7:42
29669	1	70		1	30	3/26/2014 7:43
29670	1	4		1	30	3/26/2014 7:46
29671	1	37		1	30	3/26/2014 7:46
29672	1	53		1	30	3/26/2014 7:46
29673	1	7		1	30	3/26/2014 7:48
29674	1	30		1	30	3/26/2014 7:48
29675	1	49		1	30	3/26/2014 7:48
29676	1	55		1	30	3/26/2014 7:49
29677	1	52		1	30	3/26/2014 7:49
29678	1	54		1	30	3/26/2014 7:49
29679	1	64		1	30	3/26/2014 7:50
29680	1	21		1	30	3/26/2014 7:50
29681	1	18		1	30	3/26/2014 7:50
29682	1	58		1	30	3/26/2014 7:52
29683	1	65		1	30	3/26/2014 7:52
29684	1	12		1	30	3/26/2014 7:52
29685	1	43		1	30	3/26/2014 7:54
29686	1	63		1	30	3/26/2014 7:54
29687	1	2		1	30	3/26/2014 7:55
29688	1	5		1	30	3/26/2014 7:55
29689	1	23		1	30	3/26/2014 7:56
29690	1	59		1	30	3/26/2014 7:56
29691	1	61		1	30	3/26/2014 7:57
29692	1	19		1	30	3/26/2014 7:59
29693	1	6		1	30	3/26/2014 7:59
29694	1	57		1	30	3/26/2014 7:59
29695	1	3		1	30	3/26/2014 8:00
29696	1	48		1	30	3/26/2014 8:00
29697	1	72		1	30	3/26/2014 8:00
29698	1	41		1	30	3/26/2014 8:41
29699	1	69		1	30	3/26/2014 8:49
29700	1	17		1	30	3/26/2014 8:55
29701	1	68		1	30	3/26/2014 9:28
29702	1	71		1	30	3/26/2014 10:03
29703	1	48		1	30	3/26/2014 12:00
29704	1	45		1	30	3/26/2014 12:00
29705	1	63		1	30	3/26/2014 12:00
29706	1	67		1	30	3/26/2014 12:01
29707	1	72		1	30	3/26/2014 12:01
29708	1	12		1	30	3/26/2014 12:01
29709	1	69		1	30	3/26/2014 12:01
29710	1	20		1	30	3/26/2014 12:01
29711	1	19		1	30	3/26/2014 12:01
29712	1	9		1	30	3/26/2014 12:01
29713	1	62		1	30	3/26/2014 12:01
29714	1	10		1	30	3/26/2014 12:02
29715	1	35		1	30	3/26/2014 12:02
29716	1	49		1	30	3/26/2014 12:02
29717	1	38		1	30	3/26/2014 12:02
29718	1	43		1	30	3/26/2014 12:03
29719	1	23		1	30	3/26/2014 12:03
29720	1	2		1	30	3/26/2014 12:03
29721	1	68		1	30	3/26/2014 12:03
29722	1	24		1	30	3/26/2014 12:04
29723	1	30		1	30	3/26/2014 12:04
29724	1	61		1	30	3/26/2014 12:04
29725	1	52		1	30	3/26/2014 12:04
29726	1	18		1	30	3/26/2014 12:04
29727	1	37		1	30	3/26/2014 12:05
29728	1	55		1	30	3/26/2014 12:05
29729	1	4		1	30	3/26/2014 12:05
29730	1	14		1	30	3/26/2014 12:06
29731	1	21		1	30	3/26/2014 12:06
29732	1	58		1	30	3/26/2014 12:06
29733	1	53		1	30	3/26/2014 12:06
29734	1	7		1	30	3/26/2014 12:07
29735	1	5		1	30	3/26/2014 12:09
29736	1	54		1	30	3/26/2014 12:10
29737	1	73		1	30	3/26/2014 12:10
29738	1	57		1	30	3/26/2014 12:11
29739	1	33		1	30	3/26/2014 12:11
29740	1	8		1	30	3/26/2014 12:11
29741	1	3		1	30	3/26/2014 12:12
29742	1	41		1	30	3/26/2014 12:13
29743	1	60		1	30	3/26/2014 12:21
29744	1	65		1	30	3/26/2014 12:25
29745	1	64		1	30	3/26/2014 12:26
29746	1	52		1	30	3/26/2014 12:28
29747	1	70		1	30	3/26/2014 12:34
29748	1	54		1	30	3/26/2014 12:40
29749	1	59		1	30	3/26/2014 12:51
29750	1	71		1	30	3/26/2014 12:51
29751	1	37		1	30	3/26/2014 13:02
29752	1	52		1	30	3/26/2014 13:03
29753	1	17		1	30	3/26/2014 13:03
29754	1	7		1	30	3/26/2014 13:03
29755	1	38		1	30	3/26/2014 13:03
29756	1	61		1	30	3/26/2014 13:03
29757	1	6		1	30	3/26/2014 13:04
29758	1	14		1	30	3/26/2014 13:04
29759	1	68		1	30	3/26/2014 13:04
29760	1	5		1	30	3/26/2014 13:05
29761	1	70		1	30	3/26/2014 13:06
29762	1	30		1	30	3/26/2014 13:06
29763	1	71		1	30	3/26/2014 13:06
29764	1	73		1	30	3/26/2014 13:06
29765	1	33		1	30	3/26/2014 13:07
29766	1	72		1	30	3/26/2014 13:08
29767	1	9		1	30	3/26/2014 13:09
29768	1	21		1	30	3/26/2014 13:09
29769	1	60		1	30	3/26/2014 13:10
29770	1	3		1	30	3/26/2014 13:10
29771	1	8		1	30	3/26/2014 13:11
29772	1	67		1	30	3/26/2014 13:12
29773	1	49		1	30	3/26/2014 13:13
29774	1	20		1	30	3/26/2014 13:13
29775	1	69		1	30	3/26/2014 13:13
29776	1	57		1	30	3/26/2014 13:14
29777	1	4		1	30	3/26/2014 13:14
29778	1	45		1	30	3/26/2014 13:14
29779	1	53		1	30	3/26/2014 13:15
29780	1	43		1	30	3/26/2014 13:15
29781	1	59		1	30	3/26/2014 13:16
29782	1	24		1	30	3/26/2014 13:16
29783	1	38		1	30	3/26/2014 13:16
29784	1	62		1	30	3/26/2014 13:17
29785	1	55		1	30	3/26/2014 13:17
29786	1	54		1	30	3/26/2014 13:20
29787	1	63		1	30	3/26/2014 13:20
29788	1	48		1	30	3/26/2014 13:21
29789	1	10		1	30	3/26/2014 13:21
29790	1	35		1	30	3/26/2014 13:21
29791	1	2		1	30	3/26/2014 13:22
29792	1	64		1	30	3/26/2014 13:25
29793	1	18		1	30	3/26/2014 13:25
29794	1	65		1	30	3/26/2014 13:25
29795	1	12		1	30	3/26/2014 13:28
29796	1	19		1	30	3/26/2014 13:28
29797	1	52		1	30	3/26/2014 13:29
29798	1	41		1	30	3/26/2014 13:30
29799	1	58		1	30	3/26/2014 13:30
29800	1	23		1	30	3/26/2014 13:33
29801	1	17		1	30	3/26/2014 16:34
29802	1	48		1	30	3/26/2014 17:02
29803	1	71		1	30	3/26/2014 17:03
29804	1	69		1	30	3/26/2014 17:05
29805	1	68		1	30	3/26/2014 17:19
29806	1	41		1	30	3/26/2014 17:23
29807	1	5		1	30	3/26/2014 17:30
29808	1	3		1	30	3/26/2014 17:31
29809	1	18		1	30	3/26/2014 17:31
29810	1	6		1	30	3/26/2014 17:32
29811	1	20		1	30	3/26/2014 17:33
29812	1	9		1	30	3/26/2014 17:33
29813	1	37		1	30	3/26/2014 17:34
29814	1	43		1	30	3/26/2014 17:34
29815	1	23		1	30	3/26/2014 17:34
29816	1	59		1	30	3/26/2014 17:34
29817	1	73		1	30	3/26/2014 17:34
29818	1	49		1	30	3/26/2014 17:34
29819	1	70		1	30	3/26/2014 17:34
29820	1	72		1	30	3/26/2014 17:34
29821	1	62		1	30	3/26/2014 17:34
29822	1	53		1	30	3/26/2014 17:38
29823	1	38		1	30	3/26/2014 17:38
29824	1	8		1	30	3/26/2014 17:38
29825	1	60		1	30	3/26/2014 17:38
29826	1	24		1	30	3/26/2014 17:38
29827	1	67		1	30	3/26/2014 17:38
29828	1	14		1	30	3/26/2014 17:38
29829	1	30		1	30	3/26/2014 17:38
29830	1	10		1	30	3/26/2014 17:38
29831	1	35		1	30	3/26/2014 17:38
29832	1	65		1	30	3/26/2014 17:39
29833	1	63		1	30	3/26/2014 17:39
29834	1	45		1	30	3/26/2014 17:39
29835	1	7		1	30	3/26/2014 17:39
29836	1	4		1	30	3/26/2014 17:39
29837	1	52		1	30	3/26/2014 17:39
29838	1	64		1	30	3/26/2014 17:43
29839	1	19		1	30	3/26/2014 17:43
29840	1	61		1	30	3/26/2014 17:44
29841	1	54		1	30	3/26/2014 17:46
29842	1	58		1	30	3/26/2014 17:52
29843	1	57		1	30	3/26/2014 17:56
29844	1	21		1	30	3/26/2014 17:57
29845	1	55		1	30	3/26/2014 18:08
29846	1	4		1	30	3/26/2014 18:11
29847	1	3		1	30	3/27/2014 7:43
29848	1	60		1	30	3/27/2014 7:43
29849	1	5		1	30	3/27/2014 7:43
29850	1	43		1	30	3/27/2014 7:43
29851	1	21		1	30	3/27/2014 7:43
29852	1	59		1	30	3/27/2014 7:43
29853	1	20		1	30	3/27/2014 7:44
29854	1	7		1	30	3/27/2014 7:44
29855	1	67		1	30	3/27/2014 7:44
29856	1	38		1	30	3/27/2014 7:44
29857	1	9		1	30	3/27/2014 7:44
29858	1	45		1	30	3/27/2014 7:44
29859	1	35		1	30	3/27/2014 7:44
29860	1	53		1	30	3/27/2014 7:44
29861	1	18		1	30	3/27/2014 7:45
29862	1	70		1	30	3/27/2014 7:45
29863	1	10		1	30	3/27/2014 7:45
29864	1	73		1	30	3/27/2014 7:45
29865	1	49		1	30	3/27/2014 7:46
29866	1	24		1	30	3/27/2014 7:46
29867	1	57		1	30	3/27/2014 7:47
29868	1	54		1	30	3/27/2014 7:52
29869	1	8		1	30	3/27/2014 7:55
29870	1	63		1	30	3/27/2014 7:56
29871	1	30		1	30	3/27/2014 7:57
29872	1	12		1	30	3/27/2014 7:57
29873	1	37		1	30	3/27/2014 7:57
29874	1	52		1	30	3/27/2014 7:57
29875	1	19		1	30	3/27/2014 7:58
29876	1	48		1	30	3/27/2014 7:58
29877	1	23		1	30	3/27/2014 7:58
29878	1	69		1	30	3/27/2014 8:21
29879	1	41		1	30	3/27/2014 8:27
29880	1	17		1	30	3/27/2014 9:00
29881	1	68		1	30	3/27/2014 9:11
29882	1	2		1	30	3/27/2014 9:12
29883	1	71		1	30	3/27/2014 9:19
29884	1	33		1	30	3/27/2014 10:15
29885	1	14		1	30	3/27/2014 10:15
29886	1	55		1	30	3/27/2014 10:18
29887	1	58		1	30	3/27/2014 10:19
29888	1	62		1	30	3/27/2014 10:28
29889	1	3		1	30	3/27/2014 12:01
29890	1	20		1	30	3/27/2014 12:01
29891	1	38		1	30	3/27/2014 12:01
29892	1	41		1	30	3/27/2014 12:01
29893	1	70		1	30	3/27/2014 12:02
29894	1	63		1	30	3/27/2014 12:02
29895	1	53		1	30	3/27/2014 12:02
29896	1	48		1	30	3/27/2014 12:02
29897	1	71		1	30	3/27/2014 12:02
29898	1	35		1	30	3/27/2014 12:02
29899	1	18		1	30	3/27/2014 12:02
29900	1	9		1	30	3/27/2014 12:02
29901	1	7		1	30	3/27/2014 12:03
29902	1	10		1	30	3/27/2014 12:04
29903	1	67		1	30	3/27/2014 12:04
29904	1	8		1	30	3/27/2014 12:04
29905	1	30		1	30	3/27/2014 12:05
29906	1	14		1	30	3/27/2014 12:05
29907	1	21		1	30	3/27/2014 12:05
29908	1	37		1	30	3/27/2014 12:06
29909	1	49		1	30	3/27/2014 12:06
29910	1	55		1	30	3/27/2014 12:06
29911	1	23		1	30	3/27/2014 12:06
29912	1	24		1	30	3/27/2014 12:06
29913	1	52		1	30	3/27/2014 12:08
29914	1	73		1	30	3/27/2014 12:09
29915	1	43		1	30	3/27/2014 12:12
29916	1	69		1	30	3/27/2014 12:13
29917	1	2		1	30	3/27/2014 12:13
29918	1	58		1	30	3/27/2014 12:15
29919	1	5		1	30	3/27/2014 12:15
29920	1	62		1	30	3/27/2014 12:15
29921	1	60		1	30	3/27/2014 12:18
29922	1	19		1	30	3/27/2014 12:18
29923	1	68		1	30	3/27/2014 12:24
29924	1	57		1	30	3/27/2014 12:30
29925	1	33		1	30	3/27/2014 12:30
29926	1	54		1	30	3/27/2014 12:30
29927	1	59		1	30	3/27/2014 12:30
29928	1	45		1	30	3/27/2014 12:31
29929	1	61		1	30	3/27/2014 13:00
29930	1	52		1	30	3/27/2014 13:00
29931	1	21		1	30	3/27/2014 13:01
29932	1	59		1	30	3/27/2014 13:02
29933	1	53		1	30	3/27/2014 13:03
29934	1	38		1	30	3/27/2014 13:07
29935	1	45		1	30	3/27/2014 13:07
29936	1	60		1	30	3/27/2014 13:08
29937	1	49		1	30	3/27/2014 13:09
29938	1	14		1	30	3/27/2014 13:09
29939	1	62		1	30	3/27/2014 13:09
29940	1	30		1	30	3/27/2014 13:09
29941	1	7		1	30	3/27/2014 13:09
29942	1	58		1	30	3/27/2014 13:09
29943	1	71		1	30	3/27/2014 13:10
29944	1	23		1	30	3/27/2014 13:10
29945	1	67		1	30	3/27/2014 13:11
29946	1	37		1	30	3/27/2014 13:11
29947	1	48		1	30	3/27/2014 13:11
29948	1	3		1	30	3/27/2014 13:11
29949	1	6		1	30	3/27/2014 13:11
29950	1	19		1	30	3/27/2014 13:14
29951	1	69		1	30	3/27/2014 13:15
29952	1	70		1	30	3/27/2014 13:15
29953	1	8		1	30	3/27/2014 13:16
29954	1	4		1	30	3/27/2014 13:16
29955	1	43		1	30	3/27/2014 13:17
29956	1	10		1	30	3/27/2014 13:17
29957	1	35		1	30	3/27/2014 13:18
29958	1	57		1	30	3/27/2014 13:18
29959	1	54		1	30	3/27/2014 13:18
29960	1	17		1	30	3/27/2014 13:19
29961	1	64		1	30	3/27/2014 13:20
29962	1	55		1	30	3/27/2014 13:21
29963	1	65		1	30	3/27/2014 13:22
29964	1	33		1	30	3/27/2014 13:24
29965	1	20		1	30	3/27/2014 13:24
29966	1	24		1	30	3/27/2014 13:26
29967	1	18		1	30	3/27/2014 13:28
29968	1	68		1	30	3/27/2014 13:28
29969	1	63		1	30	3/27/2014 13:29
29970	1	9		1	30	3/27/2014 13:30
29971	1	12		1	30	3/27/2014 13:30
29972	1	41		1	30	3/27/2014 13:31
29973	1	5		1	30	3/27/2014 13:34
29974	1	73		1	30	3/27/2014 16:01
29975	1	20		1	30	3/27/2014 16:08
29976	1	17		1	30	3/27/2014 16:33
29977	1	48		1	30	3/27/2014 17:00
29978	1	69		1	30	3/27/2014 17:04
29979	1	68		1	30	3/27/2014 17:20
29980	1	41		1	30	3/27/2014 17:22
29981	1	12		1	30	3/27/2014 17:31
29982	1	9		1	30	3/27/2014 17:32
29983	1	18		1	30	3/27/2014 17:33
29984	1	59		1	30	3/27/2014 17:34
29985	1	73		1	30	3/27/2014 17:35
29986	1	2		1	30	3/27/2014 17:35
29987	1	38		1	30	3/27/2014 17:35
29988	1	19		1	30	3/27/2014 17:35
29989	1	24		1	30	3/27/2014 17:35
29990	1	6		1	30	3/27/2014 17:35
29991	1	43		1	30	3/27/2014 17:35
29992	1	53		1	30	3/27/2014 17:35
29993	1	37		1	30	3/27/2014 17:35
29994	1	3		1	30	3/27/2014 17:36
29995	1	55		1	30	3/27/2014 17:36
29996	1	5		1	30	3/27/2014 17:36
29997	1	8		1	30	3/27/2014 17:38
29998	1	65		1	30	3/27/2014 17:38
29999	1	4		1	30	3/27/2014 17:38
30000	1	23		1	30	3/27/2014 17:38
30001	1	70		1	30	3/27/2014 17:38
30002	1	35		1	30	3/27/2014 17:38
30003	1	10		1	30	3/27/2014 17:38
30004	1	30		1	30	3/27/2014 17:38
30005	1	60		1	30	3/27/2014 17:38
30006	1	45		1	30	3/27/2014 17:38
30007	1	54		1	30	3/27/2014 17:39
30008	1	14		1	30	3/27/2014 17:40
30009	1	61		1	30	3/27/2014 17:40
30010	1	58		1	30	3/27/2014 17:40
30011	1	63		1	30	3/27/2014 17:42
30012	1	71		1	30	3/27/2014 17:43
30013	1	49		1	30	3/27/2014 17:45
30014	1	55		1	30	3/27/2014 17:49
30015	1	52		1	30	3/27/2014 17:50
30016	1	57		1	30	3/27/2014 17:50
30017	1	64		1	30	3/27/2014 17:50
30018	1	67		1	30	3/27/2014 17:56
30019	1	21		1	30	3/27/2014 18:01
30020	1	7		1	30	3/27/2014 18:22
30021	1	18		1	30	3/28/2014 7:25
30022	1	38		1	30	3/28/2014 7:25
30023	1	9		1	30	3/28/2014 7:25
30024	1	10		1	30	3/28/2014 7:30
30025	1	71		1	30	3/28/2014 7:30
30026	1	35		1	30	3/28/2014 7:30
30027	1	5		1	30	3/28/2014 7:38
30028	1	43		1	30	3/28/2014 7:38
30029	1	53		1	30	3/28/2014 7:39
30030	1	38		1	30	3/28/2014 7:39
30031	1	30		1	30	3/28/2014 7:39
30032	1	9		1	30	3/28/2014 7:39
30033	1	18		1	30	3/28/2014 7:40
30034	1	21		1	30	3/28/2014 7:40
30035	1	24		1	30	3/28/2014 7:40
30036	1	67		1	30	3/28/2014 7:40
30037	1	60		1	30	3/28/2014 7:41
30038	1	45		1	30	3/28/2014 7:41
30039	1	2		1	30	3/28/2014 7:44
30040	1	62		1	30	3/28/2014 7:45
30041	1	59		1	30	3/28/2014 7:45
30042	1	73		1	30	3/28/2014 7:45
30043	1	33		1	30	3/28/2014 7:45
30044	1	20		1	30	3/28/2014 7:45
30045	1	65		1	30	3/28/2014 7:45
30046	1	58		1	30	3/28/2014 7:45
30047	1	49		1	30	3/28/2014 7:46
30048	1	52		1	30	3/28/2014 7:47
30049	1	37		1	30	3/28/2014 7:47
30050	1	61		1	30	3/28/2014 7:47
30051	1	64		1	30	3/28/2014 7:48
30052	1	55		1	30	3/28/2014 7:48
30053	1	14		1	30	3/28/2014 7:48
30054	1	8		1	30	3/28/2014 7:49
30055	1	19		1	30	3/28/2014 7:50
30056	1	12		1	30	3/28/2014 7:51
30057	1	54		1	30	3/28/2014 7:53
30058	1	4		1	30	3/28/2014 7:54
30059	1	3		1	30	3/28/2014 7:54
30060	1	6		1	30	3/28/2014 7:54
30061	1	70		1	30	3/28/2014 7:54
30062	1	7		1	30	3/28/2014 7:55
30063	1	63		1	30	3/28/2014 7:56
30064	1	48		1	30	3/28/2014 7:57
30065	1	57		1	30	3/28/2014 8:01
30066	1	23		1	30	3/28/2014 8:11
30067	1	69		1	30	3/28/2014 8:14
30068	1	41		1	30	3/28/2014 8:23
30069	1	17		1	30	3/28/2014 8:59
30070	1	68		1	30	3/28/2014 9:10
30071	1	37		1	30	3/28/2014 12:00
30072	1	73		1	30	3/28/2014 12:01
30073	1	21		1	30	3/28/2014 12:01
30074	1	43		1	30	3/28/2014 12:01
30075	1	30		1	30	3/28/2014 12:01
30076	1	20		1	30	3/28/2014 12:01
30077	1	19		1	30	3/28/2014 12:01
30078	1	33		1	30	3/28/2014 12:01
30079	1	49		1	30	3/28/2014 12:02
30080	1	9		1	30	3/28/2014 12:02
30081	1	41		1	30	3/28/2014 12:02
30082	1	61		1	30	3/28/2014 12:02
30083	1	10		1	30	3/28/2014 12:02
30084	1	38		1	30	3/28/2014 12:02
30085	1	23		1	30	3/28/2014 12:02
30086	1	58		1	30	3/28/2014 12:02
30087	1	12		1	30	3/28/2014 12:03
30088	1	5		1	30	3/28/2014 12:03
30089	1	63		1	30	3/28/2014 12:03
30090	1	57		1	30	3/28/2014 12:04
30091	1	7		1	30	3/28/2014 12:04
30092	1	4		1	30	3/28/2014 12:04
30093	1	54		1	30	3/28/2014 12:04
30094	1	48		1	30	3/28/2014 12:04
30095	1	53		1	30	3/28/2014 12:04
30096	1	69		1	30	3/28/2014 12:04
30097	1	30		1	30	3/28/2014 12:04
30098	1	35		1	30	3/28/2014 12:04
30099	1	45		1	30	3/28/2014 12:05
30100	1	70		1	30	3/28/2014 12:05
30101	1	18		1	30	3/28/2014 12:05
30102	1	3		1	30	3/28/2014 12:05
30103	1	52		1	30	3/28/2014 12:05
30104	1	67		1	30	3/28/2014 12:06
30105	1	24		1	30	3/28/2014 12:08
30106	1	60		1	30	3/28/2014 12:08
30107	1	14		1	30	3/28/2014 12:10
30108	1	8		1	30	3/28/2014 12:10
30109	1	17		1	30	3/28/2014 12:10
30110	1	71		1	30	3/28/2014 12:12
30111	1	2		1	30	3/28/2014 12:13
30112	1	55		1	30	3/28/2014 12:16
30113	1	65		1	30	3/28/2014 12:27
30114	1	59		1	30	3/28/2014 12:27
30115	1	6		1	30	3/28/2014 12:27
30116	1	61		1	30	3/28/2014 12:27
30117	1	68		1	30	3/28/2014 12:27
30118	1	64		1	30	3/28/2014 12:30
30119	1	62		1	30	3/28/2014 12:30
30120	1	70		1	30	3/28/2014 12:57
30121	1	33		1	30	3/28/2014 12:58
30122	1	23		1	30	3/28/2014 12:58
30123	1	9		1	30	3/28/2014 13:01
30124	1	7		1	30	3/28/2014 13:02
30125	1	69		1	30	3/28/2014 13:02
30126	1	61		1	30	3/28/2014 13:03
30127	1	30		1	30	3/28/2014 13:04
30128	1	57		1	30	3/28/2014 13:04
30129	1	20		1	30	3/28/2014 13:04
30130	1	8		1	30	3/28/2014 13:04
30131	1	45		1	30	3/28/2014 13:04
30132	1	33		1	30	3/28/2014 13:05
30133	1	21		1	30	3/28/2014 13:06
30134	1	53		1	30	3/28/2014 13:07
30135	1	60		1	30	3/28/2014 13:08
30136	1	67		1	30	3/28/2014 13:08
30137	1	24		1	30	3/28/2014 13:09
30138	1	37		1	30	3/28/2014 13:09
30139	1	65		1	30	3/28/2014 13:09
30140	1	59		1	30	3/28/2014 13:09
30141	1	41		1	30	3/28/2014 13:09
30142	1	5		1	30	3/28/2014 13:10
30143	1	73		1	30	3/28/2014 13:10
30144	1	58		1	30	3/28/2014 13:15
30145	1	14		1	30	3/28/2014 13:15
30146	1	38		1	30	3/28/2014 13:17
30147	1	19		1	30	3/28/2014 13:17
30148	1	62		1	30	3/28/2014 13:17
30149	1	3		1	30	3/28/2014 13:17
30150	1	10		1	30	3/28/2014 13:18
30151	1	35		1	30	3/28/2014 13:19
30152	1	49		1	30	3/28/2014 13:20
30153	1	17		1	30	3/28/2014 13:21
30154	1	48		1	30	3/28/2014 13:21
30155	1	64		1	30	3/28/2014 13:23
30156	1	55		1	30	3/28/2014 13:24
30157	1	54		1	30	3/28/2014 13:25
30158	1	43		1	30	3/28/2014 13:25
30159	1	48		1	30	3/28/2014 13:26
30160	1	52		1	30	3/28/2014 13:26
30161	1	18		1	30	3/28/2014 13:26
30162	1	4		1	30	3/28/2014 13:26
30163	1	68		1	30	3/28/2014 13:26
30164	1	12		1	30	3/28/2014 13:28
30165	1	63		1	30	3/28/2014 13:28
30166	1	2		1	30	3/28/2014 13:29
30167	1	6		1	30	3/28/2014 13:31
30168	1	59		1	30	3/28/2014 16:26
30169	1	17		1	30	3/28/2014 16:35
30170	1	48		1	30	3/28/2014 17:03
30171	1	69		1	30	3/28/2014 17:04
30172	1	41		1	30	3/28/2014 17:15
30173	1	68		1	30	3/28/2014 17:18
30174	1	65		1	30	3/28/2014 17:33
30175	1	33		1	30	3/28/2014 17:33
30176	1	30		1	30	3/28/2014 17:34
30177	1	53		1	30	3/28/2014 17:34
30178	1	2		1	30	3/28/2014 17:34
30179	1	12		1	30	3/28/2014 17:34
30180	1	21		1	30	3/28/2014 17:34
30181	1	19		1	30	3/28/2014 17:34
30182	1	43		1	30	3/28/2014 17:34
30183	1	70		1	30	3/28/2014 17:34
30184	1	60		1	30	3/28/2014 17:34
30185	1	37		1	30	3/28/2014 17:34
30186	1	58		1	30	3/28/2014 17:34
30187	1	6		1	30	3/28/2014 17:37
30188	1	3		1	30	3/28/2014 17:37
30189	1	10		1	30	3/28/2014 17:37
30190	1	7		1	30	3/28/2014 17:37
30191	1	35		1	30	3/28/2014 17:37
30192	1	61		1	30	3/28/2014 17:37
30193	1	8		1	30	3/28/2014 17:37
30194	1	63		1	30	3/28/2014 17:37
30195	1	20		1	30	3/28/2014 17:37
30196	1	45		1	30	3/28/2014 17:37
30197	1	5		1	30	3/28/2014 17:37
30198	1	73		1	30	3/28/2014 17:37
30199	1	9		1	30	3/28/2014 17:37
30200	1	14		1	30	3/28/2014 17:38
30201	1	67		1	30	3/28/2014 17:40
30202	1	18		1	30	3/28/2014 17:40
30203	1	49		1	30	3/28/2014 17:43
30204	1	8		1	30	3/28/2014 17:43
30205	1	64		1	30	3/28/2014 17:48
30206	1	52		1	30	3/28/2014 17:48
30207	1	38		1	30	3/28/2014 17:55
30208	1	62		1	30	3/28/2014 17:58
30209	1	55		1	30	3/28/2014 18:05
30210	1	24		1	30	3/28/2014 18:06
30211	1	9		1	30	3/28/2014 18:09
30212	1	54		1	30	3/28/2014 18:22
30213	1	57		1	30	3/28/2014 18:39
30214	1	23		1	30	3/28/2014 18:47
30215	1	10		1	30	3/29/2014 7:22
30216	1	2		1	30	3/29/2014 7:22
30217	1	23		1	30	3/29/2014 7:29
30218	1	4		1	30	3/29/2014 7:32
30219	1	59		1	30	3/29/2014 7:33
30220	1	60		1	30	3/29/2014 7:37
30221	1	14		1	30	3/29/2014 7:39
30222	1	7		1	30	3/29/2014 7:41
30223	1	18		1	30	3/29/2014 7:41
30224	1	37		1	30	3/29/2014 7:41
30225	1	9		1	30	3/29/2014 7:41
30226	1	20		1	30	3/29/2014 7:41
30227	1	30		1	30	3/29/2014 7:41
30228	1	35		1	30	3/29/2014 7:41
30229	1	67		1	30	3/29/2014 7:42
30230	1	49		1	30	3/29/2014 7:42
30231	1	52		1	30	3/29/2014 7:42
30232	1	23		1	30	3/29/2014 7:43
30233	1	43		1	30	3/29/2014 7:44
30234	1	5		1	30	3/29/2014 7:44
30235	1	55		1	30	3/29/2014 7:47
30236	1	58		1	30	3/29/2014 7:47
30237	1	64		1	30	3/29/2014 7:48
30238	1	19		1	30	3/29/2014 7:48
30239	1	24		1	30	3/29/2014 7:48
30240	1	21		1	30	3/29/2014 7:51
30241	1	6		1	30	3/29/2014 7:51
30242	1	8		1	30	3/29/2014 7:51
30243	1	61		1	30	3/29/2014 7:51
30244	1	48		1	30	3/29/2014 7:51
30245	1	38		1	30	3/29/2014 7:51
30246	1	45		1	30	3/29/2014 7:51
30247	1	68		1	30	3/29/2014 7:52
30248	1	53		1	30	3/29/2014 7:52
30249	1	41		1	30	3/29/2014 7:53
30250	1	12		1	30	3/29/2014 7:54
30251	1	54		1	30	3/29/2014 7:54
30252	1	70		1	30	3/29/2014 7:56
30253	1	65		1	30	3/29/2014 7:56
30254	1	3		1	30	3/29/2014 7:57
30255	1	57		1	30	3/29/2014 7:58
30256	1	12		1	30	3/29/2014 8:00
30257	1	72		1	30	3/29/2014 8:08
30258	1	69		1	30	3/29/2014 8:13
30259	1	33		1	30	3/29/2014 8:15
30260	1	63		1	30	3/29/2014 8:55
30261	1	33		1	30	3/29/2014 9:33
30262	1	14		1	30	3/29/2014 9:46
30263	1	55		1	30	3/29/2014 9:54
30264	1	57		1	30	3/29/2014 10:05
30265	1	12		1	30	3/29/2014 12:00
30266	1	49		1	30	3/29/2014 12:01
30267	1	4		1	30	3/29/2014 12:01
30268	1	48		1	30	3/29/2014 12:02
30269	1	54		1	30	3/29/2014 12:02
30270	1	43		1	30	3/29/2014 12:02
30271	1	18		1	30	3/29/2014 12:02
30272	1	38		1	30	3/29/2014 12:02
30273	1	8		1	30	3/29/2014 12:02
30274	1	59		1	30	3/29/2014 12:02
30275	1	19		1	30	3/29/2014 12:02
30276	1	45		1	30	3/29/2014 12:02
30277	1	61		1	30	3/29/2014 12:02
30278	1	10		1	30	3/29/2014 12:02
30279	1	20		1	30	3/29/2014 12:02
30280	1	67		1	30	3/29/2014 12:02
30281	1	63		1	30	3/29/2014 12:02
30282	1	30		1	30	3/29/2014 12:02
30283	1	9		1	30	3/29/2014 12:02
30284	1	7		1	30	3/29/2014 12:02
30285	1	5		1	30	3/29/2014 12:02
30286	1	53		1	30	3/29/2014 12:03
30287	1	2		1	30	3/29/2014 12:03
30288	1	3		1	30	3/29/2014 12:03
30289	1	24		1	30	3/29/2014 12:03
30290	1	41		1	30	3/29/2014 12:06
30291	1	21		1	30	3/29/2014 12:07
30292	1	7		1	30	3/29/2014 12:09
30293	1	9		1	30	3/29/2014 12:09
30294	1	60		1	30	3/29/2014 12:11
30295	1	23		1	30	3/29/2014 12:12
30296	1	6		1	30	3/29/2014 12:20
30297	1	30		1	30	3/29/2014 12:20
30298	1	52		1	30	3/29/2014 12:21
30299	1	49		1	30	3/29/2014 12:21
30300	1	37		1	30	3/29/2014 12:21
30301	1	55		1	30	3/29/2014 12:22
30302	1	30		1	30	3/29/2014 12:25
30303	1	12		1	30	3/29/2014 12:27
30304	1	59		1	30	3/29/2014 12:29
30305	1	38		1	30	3/29/2014 12:33
30306	1	8		1	30	3/29/2014 12:33
30307	1	54		1	30	3/29/2014 12:34
30308	1	68		1	30	3/29/2014 12:51
30309	1	64		1	30	3/29/2014 12:56
30310	1	10		1	30	3/29/2014 13:18
30311	1	12		1	30	3/29/2014 15:09
30312	1	2		1	30	3/31/2014 7:03
30313	1	54		1	30	3/31/2014 7:22
30314	1	10		1	30	3/31/2014 7:29
30315	1	9		1	30	3/31/2014 7:29
30316	1	35		1	30	3/31/2014 7:29
30317	1	21		1	30	3/31/2014 7:29
30318	1	12		1	30	3/31/2014 7:30
30319	1	7		1	30	3/31/2014 7:32
30320	1	18		1	30	3/31/2014 7:32
30321	1	30		1	30	3/31/2014 7:32
30322	1	54		1	30	3/31/2014 7:32
30323	1	20		1	30	3/31/2014 7:33
30324	1	38		1	30	3/31/2014 7:33
30325	1	53		1	30	3/31/2014 7:33
30326	1	3		1	30	3/31/2014 7:33
30327	1	60		1	30	3/31/2014 7:34
30328	1	24		1	30	3/31/2014 7:37
30329	1	49		1	30	3/31/2014 7:38
30330	1	52		1	30	3/31/2014 7:39
30331	1	73		1	30	3/31/2014 7:39
30332	1	45		1	30	3/31/2014 7:39
30333	1	43		1	30	3/31/2014 7:41
30334	1	67		1	30	3/31/2014 7:42
30335	1	2		1	30	3/31/2014 7:44
30336	1	5		1	30	3/31/2014 7:44
30337	1	14		1	30	3/31/2014 7:46
30338	1	58		1	30	3/31/2014 7:47
30339	1	37		1	30	3/31/2014 7:48
30340	1	8		1	30	3/31/2014 7:48
30341	1	4		1	30	3/31/2014 7:49
30342	1	19		1	30	3/31/2014 7:50
30343	1	23		1	30	3/31/2014 7:52
30344	1	33		1	30	3/31/2014 7:53
30345	1	57		1	30	3/31/2014 7:53
30346	1	55		1	30	3/31/2014 7:53
30347	1	64		1	30	3/31/2014 7:53
30348	1	61		1	30	3/31/2014 7:54
30349	1	70		1	30	3/31/2014 7:54
30350	1	65		1	30	3/31/2014 7:54
30351	1	72		1	30	3/31/2014 7:54
30352	1	63		1	30	3/31/2014 7:55
30353	1	48		1	30	3/31/2014 7:59
30354	1	6		1	30	3/31/2014 8:00
30355	1	41		1	30	3/31/2014 8:04
30356	1	69		1	30	3/31/2014 8:23
30357	1	20		1	30	3/31/2014 8:46
30358	1	17		1	30	3/31/2014 8:50
30359	1	68		1	30	3/31/2014 9:07
30360	1	71		1	30	3/31/2014 9:22
30361	1	68		1	30	3/31/2014 10:22
30362	1	59		1	30	3/31/2014 11:03
30363	1	17		1	30	3/31/2014 12:00
30364	1	71		1	30	3/31/2014 12:01
30365	1	21		1	30	3/31/2014 12:01
30366	1	9		1	30	3/31/2014 12:02
30367	1	55		1	30	3/31/2014 12:02
30368	1	38		1	30	3/31/2014 12:02
30369	1	61		1	30	3/31/2014 12:02
30370	1	5		1	30	3/31/2014 12:02
30371	1	35		1	30	3/31/2014 12:02
30372	1	49		1	30	3/31/2014 12:03
30373	1	52		1	30	3/31/2014 12:03
30374	1	24		1	30	3/31/2014 12:03
30375	1	45		1	30	3/31/2014 12:03
30376	1	37		1	30	3/31/2014 12:03
30377	1	63		1	30	3/31/2014 12:03
30378	1	23		1	30	3/31/2014 12:04
30379	1	7		1	30	3/31/2014 12:04
30380	1	72		1	30	3/31/2014 12:04
30381	1	30		1	30	3/31/2014 12:04
30382	1	18		1	30	3/31/2014 12:04
30383	1	67		1	30	3/31/2014 12:05
30384	1	57		1	30	3/31/2014 12:05
30385	1	53		1	30	3/31/2014 12:05
30386	1	73		1	30	3/31/2014 12:05
30387	1	43		1	30	3/31/2014 12:05
30388	1	14		1	30	3/31/2014 12:06
30389	1	65		1	30	3/31/2014 12:07
30390	1	41		1	30	3/31/2014 12:07
30391	1	19		1	30	3/31/2014 12:07
30392	1	64		1	30	3/31/2014 12:08
30393	1	70		1	30	3/31/2014 12:08
30394	1	3		1	30	3/31/2014 12:09
30395	1	6		1	30	3/31/2014 12:09
30396	1	8		1	30	3/31/2014 12:10
30397	1	58		1	30	3/31/2014 12:10
30398	1	48		1	30	3/31/2014 12:11
30399	1	10		1	30	3/31/2014 12:11
30400	1	2		1	30	3/31/2014 12:11
30401	1	33		1	30	3/31/2014 12:12
30402	1	60		1	30	3/31/2014 12:19
30403	1	69		1	30	3/31/2014 12:33
30404	1	12		1	30	3/31/2014 12:33
30405	1	54		1	30	3/31/2014 12:42
30406	1	71		1	30	3/31/2014 13:02
30407	1	8		1	30	3/31/2014 13:03
30408	1	24		1	30	3/31/2014 13:04
30409	1	59		1	30	3/31/2014 13:04
30410	1	53		1	30	3/31/2014 13:04
30411	1	4		1	30	3/31/2014 13:04
30412	1	48		1	30	3/31/2014 13:04
30413	1	52		1	30	3/31/2014 13:05
30414	1	21		1	30	3/31/2014 13:05
30415	1	73		1	30	3/31/2014 13:06
30416	1	61		1	30	3/31/2014 13:06
30417	1	65		1	30	3/31/2014 13:08
30418	1	69		1	30	3/31/2014 13:08
30419	1	70		1	30	3/31/2014 13:08
30420	1	60		1	30	3/31/2014 13:08
30421	1	45		1	30	3/31/2014 13:08
30422	1	5		1	30	3/31/2014 13:09
30423	1	67		1	30	3/31/2014 13:10
30424	1	14		1	30	3/31/2014 13:11
30425	1	38		1	30	3/31/2014 13:14
30426	1	18		1	30	3/31/2014 13:14
30427	1	37		1	30	3/31/2014 13:14
30428	1	35		1	30	3/31/2014 13:15
30429	1	7		1	30	3/31/2014 13:15
30430	1	57		1	30	3/31/2014 13:16
30431	1	58		1	30	3/31/2014 13:17
30432	1	64		1	30	3/31/2014 13:17
30433	1	3		1	30	3/31/2014 13:18
30434	1	9		1	30	3/31/2014 13:18
30435	1	43		1	30	3/31/2014 13:19
30436	1	17		1	30	3/31/2014 13:19
30437	1	33		1	30	3/31/2014 13:19
30438	1	49		1	30	3/31/2014 13:20
30439	1	72		1	30	3/31/2014 13:21
30440	1	30		1	30	3/31/2014 13:21
30441	1	12		1	30	3/31/2014 13:23
30442	1	55		1	30	3/31/2014 13:25
30443	1	41		1	30	3/31/2014 13:26
30444	1	54		1	30	3/31/2014 13:27
30445	1	19		1	30	3/31/2014 13:27
30446	1	10		1	30	3/31/2014 13:27
30447	1	63		1	30	3/31/2014 13:27
30448	1	20		1	30	3/31/2014 13:28
30449	1	6		1	30	3/31/2014 13:29
30450	1	64		1	30	3/31/2014 13:40
30451	1	17		1	30	3/31/2014 16:34
30452	1	48		1	30	3/31/2014 17:01
30453	1	69		1	30	3/31/2014 17:12
30454	1	41		1	30	3/31/2014 17:31
30455	1	5		1	30	3/31/2014 17:31
30456	1	59		1	30	3/31/2014 17:32
30457	1	21		1	30	3/31/2014 17:32
30458	1	12		1	30	3/31/2014 17:33
30459	1	24		1	30	3/31/2014 17:33
30460	1	58		1	30	3/31/2014 17:33
30461	1	55		1	30	3/31/2014 17:33
30462	1	9		1	30	3/31/2014 17:33
30463	1	73		1	30	3/31/2014 17:34
30464	1	7		1	30	3/31/2014 17:34
30465	1	3		1	30	3/31/2014 17:34
30466	1	14		1	30	3/31/2014 17:34
30467	1	20		1	30	3/31/2014 17:34
30468	1	67		1	30	3/31/2014 17:35
30469	1	38		1	30	3/31/2014 17:35
30470	1	37		1	30	3/31/2014 17:35
30471	1	57		1	30	3/31/2014 17:35
30472	1	2		1	30	3/31/2014 17:36
30473	1	8		1	30	3/31/2014 17:36
30474	1	60		1	30	3/31/2014 17:36
30475	1	4		1	30	3/31/2014 17:36
30476	1	64		1	30	3/31/2014 17:36
30477	1	70		1	30	3/31/2014 17:36
30478	1	53		1	30	3/31/2014 17:36
30479	1	72		1	30	3/31/2014 17:36
30480	1	43		1	30	3/31/2014 17:38
30481	1	63		1	30	3/31/2014 17:39
30482	1	10		1	30	3/31/2014 17:39
30483	1	35		1	30	3/31/2014 17:39
30484	1	45		1	30	3/31/2014 17:39
30485	1	6		1	30	3/31/2014 17:39
30486	1	52		1	30	3/31/2014 17:41
30487	1	49		1	30	3/31/2014 17:44
30488	1	54		1	30	3/31/2014 17:46
30489	1	71		1	30	3/31/2014 17:46
30490	1	30		1	30	3/31/2014 17:51
30491	1	65		1	30	3/31/2014 17:51
30492	1	18		1	30	3/31/2014 17:55
30493	1	61		1	30	3/31/2014 17:55
30494	1	38		1	30	3/31/2014 17:58
30495	1	19		1	30	3/31/2014 17:59
30496	1	59		1	30	3/31/2014 19:01
30497	1	33		1	30	3/31/2014 21:31
30498	1	61		1	30	4/1/2014 7:31
30499	1	3		1	30	4/1/2014 7:35
30500	1	30		1	30	4/1/2014 7:35
30501	1	10		1	30	4/1/2014 7:36
30502	1	24		1	30	4/1/2014 7:36
30503	1	35		1	30	4/1/2014 7:36
30504	1	14		1	30	4/1/2014 7:36
30505	1	45		1	30	4/1/2014 7:36
30506	1	5		1	30	4/1/2014 7:37
30507	1	7		1	30	4/1/2014 7:37
30508	1	38		1	30	4/1/2014 7:37
30509	1	2		1	30	4/1/2014 7:37
30510	1	60		1	30	4/1/2014 7:37
30511	1	71		1	30	4/1/2014 7:37
30512	1	37		1	30	4/1/2014 7:38
30513	1	21		1	30	4/1/2014 7:38
30514	1	20		1	30	4/1/2014 7:38
30515	1	19		1	30	4/1/2014 7:38
30516	1	53		1	30	4/1/2014 7:38
30517	1	52		1	30	4/1/2014 7:40
30518	1	33		1	30	4/1/2014 7:40
30519	1	58		1	30	4/1/2014 7:40
30520	1	23		1	30	4/1/2014 7:41
30521	1	70		1	30	4/1/2014 7:41
30522	1	4		1	30	4/1/2014 7:43
30523	1	73		1	30	4/1/2014 7:43
30524	1	9		1	30	4/1/2014 7:44
30525	1	49		1	30	4/1/2014 7:47
30526	1	18		1	30	4/1/2014 7:47
30527	1	48		1	30	4/1/2014 7:50
30528	1	65		1	30	4/1/2014 7:50
30529	1	59		1	30	4/1/2014 7:50
30530	1	43		1	30	4/1/2014 7:51
30531	1	54		1	30	4/1/2014 7:51
30532	1	6		1	30	4/1/2014 7:53
30533	1	64		1	30	4/1/2014 7:54
30534	1	63		1	30	4/1/2014 7:54
30535	1	55		1	30	4/1/2014 7:55
30536	1	57		1	30	4/1/2014 8:00
30537	1	12		1	30	4/1/2014 8:00
30538	1	72		1	30	4/1/2014 8:00
30539	1	67		1	30	4/1/2014 8:13
